CPU0_FREQ, CPU1_FREQ, CPU2_FREQ, CPU3_FREQ, CPU4_FREQ, CPU5_FREQ, CPU6_FREQ, CPU7_FREQ, A15_W, A7_W, MEM_W, GPU_W
1000, 1000, 1000, 1000, 0, 0, 0, 0, 0.045540, 0.143906, 0.146040, 0.040137
1000, 1000, 1000, 1000, 0, 0, 0, 0, 0.046552, 0.101802, 0.118049, 0.174590
1000, 1000, 1000, 1000, 0, 0, 0, 0, 0.046552, 0.081750, 0.104576, 0.003950
1500, 1500, 1500, 1500, 0, 0, 0, 0, 0.046506, 0.471900, 0.083835, 0.002373
1500, 1500, 1500, 1500, 0, 0, 0, 0, 0.046552, 0.473200, 0.082620, 0.002370
1500, 1500, 1500, 1500, 0, 0, 0, 0, 0.046552, 0.089181, 0.088695, 0.015010
1500, 1500, 1500, 1500, 0, 0, 0, 0, 0.048528, 1.272926, 0.083697, 0.002370
1000, 1000, 1000, 1000, 0, 0, 0, 0, 0.049588, 0.200784, 0.086265, 0.003164
1500, 1500, 1500, 1500, 0, 0, 0, 0, 0.048576, 0.431600, 0.095985, 0.002370
1500, 1500, 1500, 1500, 0, 0, 0, 0, 0.047564, 0.432900, 0.092416, 0.002370
1500, 1500, 1500, 1500, 0, 0, 0, 0, 0.047564, 0.427700, 0.093555, 0.002370
1500, 1500, 1500, 1500, 0, 0, 0, 0, 0.047564, 0.151040, 0.094770, 0.013430
1500, 1500, 1500, 1500, 0, 0, 0, 0, 0.049539, 1.024056, 0.139955, 0.002370
1500, 1500, 1500, 1500, 0, 0, 0, 0, 0.050600, 1.040865, 0.136304, 0.003160
1500, 1500, 1500, 1500, 0, 0, 0, 0, 0.050550, 1.035693, 0.137521, 0.003160
1500, 1500, 1500, 1500, 0, 0, 0, 0, 0.050550, 1.039572, 0.137521, 0.007900
1000, 1000, 1000, 1000, 0, 0, 0, 0, 0.050600, 0.130154, 0.096064, 0.003160
1500, 1500, 1500, 1500, 0, 0, 0, 0, 0.049588, 0.445900, 0.083835, 0.002370
1500, 1500, 1500, 1500, 0, 0, 0, 0, 0.049588, 0.449800, 0.085050, 0.002373
1500, 1500, 1500, 1500, 0, 0, 0, 0, 0.049588, 0.441320, 0.085050, 0.002370
1500, 1500, 1500, 1500, 0, 0, 0, 0, 0.048576, 0.442000, 0.085050, 0.002373
1500, 1500, 1500, 1500, 0, 0, 0, 0, 0.048576, 0.444600, 0.085050, 0.002370
1500, 1500, 1500, 1500, 0, 0, 0, 0, 0.048576, 0.441320, 0.083835, 0.002370
1500, 1500, 1500, 1500, 0, 0, 0, 0, 0.047564, 0.441320, 0.083835, 0.002370
1500, 1500, 1500, 1500, 0, 0, 0, 0, 0.047564, 0.440700, 0.082620, 0.002370
1500, 1500, 1500, 1500, 0, 0, 0, 0, 0.047564, 0.432900, 0.083835, 0.002373
1500, 1500, 1500, 1500, 0, 0, 0, 0, 0.046552, 0.132685, 0.091125, 0.002370
1500, 1500, 1500, 1500, 0, 0, 0, 0, 0.047517, 1.140836, 0.086123, 0.002370
1500, 1500, 1500, 1500, 0, 0, 0, 0, 0.049539, 1.144712, 0.085050, 0.002370
1500, 1500, 1500, 1500, 0, 0, 0, 0, 0.049588, 1.146004, 0.082484, 0.002370
1500, 1500, 1500, 1500, 0, 0, 0, 0, 0.049588, 1.147296, 0.082620, 0.003160
1500, 1500, 1500, 1500, 0, 0, 0, 0, 0.049588, 1.148588, 0.083697, 0.002370
1500, 1500, 1500, 1500, 0, 0, 0, 0, 0.049588, 1.148588, 0.084910, 0.002370
1500, 1500, 1500, 1500, 0, 0, 0, 0, 0.050600, 1.148588, 0.085050, 0.002370
1500, 1500, 1500, 1500, 0, 0, 0, 0, 0.050600, 1.147296, 0.085050, 0.002370
1500, 1500, 1500, 1500, 0, 0, 0, 0, 0.050600, 0.184190, 0.083835, 0.003160
1500, 1500, 1500, 1500, 0, 0, 0, 0, 0.048576, 0.417300, 0.083835, 0.004740
1500, 1500, 1500, 1500, 0, 0, 0, 0, 0.048576, 0.416000, 0.083835, 0.002370
1500, 1500, 1500, 1500, 0, 0, 0, 0, 0.047564, 0.417300, 0.082620, 0.002370
1500, 1500, 1500, 1500, 0, 0, 0, 0, 0.047564, 0.410800, 0.083835, 0.002370
1500, 1500, 1500, 1500, 0, 0, 0, 0, 0.047564, 0.409500, 0.086265, 0.002370
1500, 1500, 1500, 1500, 0, 0, 0, 0, 0.047564, 0.408200, 0.085050, 0.002373
1500, 1500, 1500, 1500, 0, 0, 0, 0, 0.047564, 0.406900, 0.085050, 0.002373
1500, 1500, 1500, 1500, 0, 0, 0, 0, 0.047564, 0.409500, 0.083835, 0.002370
1500, 1500, 1500, 1500, 0, 0, 0, 0, 0.047564, 0.408200, 0.083835, 0.002370
1500, 1500, 1500, 1500, 0, 0, 0, 0, 0.046552, 0.279936, 0.102144, 0.030810
1500, 1500, 1500, 1500, 0, 0, 0, 0, 0.048576, 1.040865, 0.086265, 0.002370
1500, 1500, 1500, 1500, 0, 0, 0, 0, 0.049588, 1.039572, 0.086123, 0.002370
1500, 1500, 1500, 1500, 0, 0, 0, 0, 0.049588, 1.042158, 0.086123, 0.002370
1500, 1500, 1500, 1500, 0, 0, 0, 0, 0.049588, 1.040865, 0.083697, 0.002370
1500, 1500, 1500, 1500, 0, 0, 0, 0, 0.050550, 1.042158, 0.083697, 0.003160
1500, 1500, 1500, 1500, 0, 0, 0, 0, 0.050600, 1.036986, 0.085050, 0.002370
1500, 1500, 1500, 1500, 0, 0, 0, 0, 0.050600, 1.040865, 0.086265, 0.003160
1500, 1500, 1500, 1500, 0, 0, 0, 0, 0.050550, 1.042158, 0.086265, 0.003160
1500, 1500, 1500, 1500, 0, 0, 0, 0, 0.049588, 0.216838, 0.099712, 0.002370
1500, 1500, 1500, 1500, 0, 0, 0, 0, 0.049588, 0.529584, 0.086265, 0.002370
1500, 1500, 1500, 1500, 0, 0, 0, 0, 0.048576, 0.529584, 0.086265, 0.002370
1500, 1500, 1500, 1500, 0, 0, 0, 0, 0.049588, 0.529584, 0.086265, 0.002370
1500, 1500, 1500, 1500, 0, 0, 0, 0, 0.048576, 0.529584, 0.086265, 0.002370
1500, 1500, 1500, 1500, 0, 0, 0, 0, 0.048576, 0.529584, 0.086265, 0.002370
1500, 1500, 1500, 1500, 0, 0, 0, 0, 0.048576, 0.528286, 0.087480, 0.002370
1500, 1500, 1500, 1500, 0, 0, 0, 0, 0.048576, 0.528286, 0.088695, 0.002370
1500, 1500, 1500, 1500, 0, 0, 0, 0, 0.048576, 0.529584, 0.085050, 0.002370
1000, 1000, 1000, 1000, 0, 0, 0, 0, 0.048576, 0.528286, 0.087480, 0.002370
1500, 1500, 1500, 1500, 0, 0, 0, 0, 0.049539, 1.301328, 0.126568, 0.002370
1500, 1500, 1500, 1500, 0, 0, 0, 0, 0.050550, 1.314238, 0.126568, 0.003160
1500, 1500, 1500, 1500, 0, 0, 0, 0, 0.051561, 1.312947, 0.128896, 0.003160
1500, 1500, 1500, 1500, 0, 0, 0, 0, 0.052624, 1.278090, 0.132653, 0.026070
1500, 1500, 1500, 1500, 0, 0, 0, 0, 0.052624, 1.320693, 0.127785, 0.003160
1500, 1500, 1500, 1500, 0, 0, 0, 0, 0.052624, 1.324566, 0.126568, 0.003160
1500, 1500, 1500, 1500, 0, 0, 0, 0, 0.053583, 1.326120, 0.125248, 0.003160
1500, 1500, 1500, 1500, 0, 0, 0, 0, 0.053583, 1.316820, 0.128896, 0.003160
1500, 1500, 1500, 1500, 0, 0, 0, 0, 0.053583, 1.320693, 0.126568, 0.003160
1000, 1000, 1000, 1000, 0, 0, 0, 0, 0.052624, 0.103360, 0.089910, 0.022910
1500, 1500, 1500, 1500, 0, 0, 0, 0, 0.049588, 0.382200, 0.085050, 0.003160
1500, 1500, 1500, 1500, 0, 0, 0, 0, 0.048528, 0.379600, 0.082620, 0.002370
1500, 1500, 1500, 1500, 0, 0, 0, 0, 0.047564, 0.378300, 0.082620, 0.002370
1500, 1500, 1500, 1500, 0, 0, 0, 0, 0.047517, 0.377000, 0.083835, 0.002370
1500, 1500, 1500, 1500, 0, 0, 0, 0, 0.047564, 0.380900, 0.085050, 0.002370
1500, 1500, 1500, 1500, 0, 0, 0, 0, 0.046552, 0.375700, 0.085050, 0.002370
1500, 1500, 1500, 1500, 0, 0, 0, 0, 0.046552, 0.375700, 0.083835, 0.002370
1500, 1500, 1500, 1500, 0, 0, 0, 0, 0.046552, 0.375700, 0.082620, 0.002370
1000, 1000, 1000, 1000, 0, 0, 0, 0, 0.046552, 0.363333, 0.083835, 0.002370
1500, 1500, 1500, 1500, 0, 0, 0, 0, 0.046552, 0.888370, 0.082620, 0.002370
1500, 1500, 1500, 1500, 0, 0, 0, 0, 0.047564, 0.894845, 0.082484, 0.002370
1500, 1500, 1500, 1500, 0, 0, 0, 0, 0.048576, 0.896140, 0.085050, 0.002370
1500, 1500, 1500, 1500, 0, 0, 0, 0, 0.048576, 0.897435, 0.085050, 0.002370
1500, 1500, 1500, 1500, 0, 0, 0, 0, 0.048576, 0.897435, 0.086265, 0.002370
1500, 1500, 1500, 1500, 0, 0, 0, 0, 0.049588, 0.898730, 0.083835, 0.002370
1500, 1500, 1500, 1500, 0, 0, 0, 0, 0.049588, 0.898730, 0.082620, 0.002370
1500, 1500, 1500, 1500, 0, 0, 0, 0, 0.049588, 0.898730, 0.083835, 0.002370
1000, 1000, 1000, 1000, 0, 0, 0, 0, 0.049588, 0.900025, 0.082620, 0.002370
1000, 1000, 1000, 1000, 0, 0, 0, 0, 0.047564, 0.125820, 0.086265, 0.002370
1000, 1000, 1000, 1000, 0, 0, 0, 0, 0.047564, 0.080660, 0.086265, 0.002370
1000, 1000, 1000, 1000, 0, 0, 0, 0, 0.046552, 0.080660, 0.083835, 0.003160
1000, 1000, 1000, 1000, 0, 0, 0, 0, 0.046552, 0.079570, 0.083835, 0.002370
1000, 1000, 1000, 1000, 0, 0, 0, 0, 0.046552, 0.078480, 0.083835, 0.002373
1000, 1000, 1000, 1000, 0, 0, 0, 0, 0.046552, 0.133952, 0.085050, 0.002373
1000, 1000, 1000, 1000, 0, 0, 0, 0, 0.045540, 0.079570, 0.086265, 0.002373
1000, 1000, 1000, 1000, 0, 0, 0, 0, 0.045540, 0.078480, 0.085050, 0.002373
1000, 1000, 1000, 1000, 0, 0, 0, 0, 0.045540, 0.078480, 0.085120, 0.002373
1000, 1000, 1000, 1000, 0, 0, 0, 0, 0.045540, 0.077390, 0.085050, 0.002373
1000, 1000, 1000, 1000, 0, 0, 0, 0, 0.045540, 0.077390, 0.083835, 0.002373
1000, 1000, 1000, 1000, 0, 0, 0, 0, 0.045540, 0.079570, 0.082620, 0.002373
1000, 1000, 1000, 1000, 0, 0, 0, 0, 0.045540, 0.077390, 0.083835, 0.002373
1000, 1000, 1000, 1000, 0, 0, 0, 0, 0.045540, 0.077390, 0.085050, 0.002370
1000, 1000, 1000, 1000, 0, 0, 0, 0, 0.045540, 0.077390, 0.085050, 0.002370
1000, 1000, 1000, 1000, 0, 0, 0, 0, 0.045540, 0.077390, 0.086336, 0.002373
1000, 1000, 1000, 1000, 0, 0, 0, 0, 0.045540, 0.079570, 0.086265, 0.002373
1000, 1000, 1000, 1000, 0, 0, 0, 0, 0.045585, 0.077390, 0.085050, 0.002370
1000, 1000, 1000, 1000, 0, 0, 0, 0, 0.045540, 0.077390, 0.083835, 0.002373
