CPU0_FREQ, CPU1_FREQ, CPU2_FREQ, CPU3_FREQ, CPU4_FREQ, CPU5_FREQ, CPU6_FREQ, CPU7_FREQ, A15_W, A7_W, MEM_W, GPU_W
1000, 1000, 1000, 1000, 0, 0, 0, 0, 0.045585, 0.077390, 0.083904, 0.002370
1000, 1000, 1000, 1000, 0, 0, 0, 0, 0.045540, 0.107712, 0.103360, 0.015010
1000, 1000, 1000, 1000, 0, 0, 0, 0, 0.046552, 0.085020, 0.097280, 0.013430
1000, 1000, 1000, 1000, 0, 0, 0, 0, 0.046552, 0.207368, 0.179968, 0.178088
1000, 1000, 1000, 1000, 0, 0, 0, 0, 0.046552, 0.144854, 0.148474, 0.275800
1500, 1500, 1500, 1500, 0, 0, 0, 0, 0.047564, 0.584947, 0.103360, 0.023700
1500, 1500, 1500, 1500, 0, 0, 0, 0, 0.047564, 0.595323, 0.099712, 0.002370
1500, 1500, 1500, 1500, 0, 0, 0, 0, 0.047564, 0.583650, 0.100928, 0.002370
1500, 1500, 1500, 1500, 0, 0, 0, 0, 0.048576, 0.603105, 0.099712, 0.002370
1500, 1500, 1500, 1500, 0, 0, 0, 0, 0.048576, 0.601808, 0.099630, 0.002370
1000, 1000, 1000, 1000, 0, 0, 0, 0, 0.048576, 0.610887, 0.100845, 0.002370
1500, 1500, 1500, 1500, 0, 0, 0, 0, 0.048576, 0.610887, 0.085050, 0.002370
1500, 1500, 1500, 1500, 0, 0, 0, 0, 0.048576, 0.613481, 0.085050, 0.002370
1500, 1500, 1500, 1500, 0, 0, 0, 0, 0.049588, 0.614778, 0.085050, 0.002370
1500, 1500, 1500, 1500, 0, 0, 0, 0, 0.049588, 0.612184, 0.083835, 0.002370
1500, 1500, 1500, 1500, 0, 0, 0, 0, 0.049588, 0.613481, 0.082620, 0.002370
1500, 1500, 1500, 1500, 0, 0, 0, 0, 0.049588, 0.617372, 0.083835, 0.002370
1000, 1000, 1000, 1000, 0, 0, 0, 0, 0.049588, 0.610887, 0.083835, 0.003164
1500, 1500, 1500, 1500, 0, 0, 0, 0, 0.048576, 0.448500, 0.083835, 0.002370
1500, 1500, 1500, 1500, 0, 0, 0, 0, 0.048576, 0.562034, 0.139840, 0.091292
1500, 1500, 1500, 1500, 0, 0, 0, 0, 0.048576, 0.446512, 0.085050, 0.002370
1500, 1500, 1500, 1500, 0, 0, 0, 0, 0.048576, 0.444600, 0.085050, 0.002370
1500, 1500, 1500, 1500, 0, 0, 0, 0, 0.048576, 0.445900, 0.083835, 0.002370
1500, 1500, 1500, 1500, 0, 0, 0, 0, 0.048576, 0.447200, 0.083835, 0.002373
1500, 1500, 1500, 1500, 0, 0, 0, 0, 0.048576, 0.446512, 0.085050, 0.002373
1500, 1500, 1500, 1500, 0, 0, 0, 0, 0.048576, 0.445214, 0.085050, 0.002370
1500, 1500, 1500, 1500, 0, 0, 0, 0, 0.048576, 0.447200, 0.085050, 0.002370
1500, 1500, 1500, 1500, 0, 0, 0, 0, 0.049588, 0.416000, 0.086265, 0.002370
1500, 1500, 1500, 1500, 0, 0, 0, 0, 0.049588, 0.419900, 0.086265, 0.002370
1500, 1500, 1500, 1500, 0, 0, 0, 0, 0.049588, 0.419900, 0.083835, 0.002370
1500, 1500, 1500, 1500, 0, 0, 0, 0, 0.048576, 0.416000, 0.083835, 0.002370
1500, 1500, 1500, 1500, 0, 0, 0, 0, 0.048576, 0.412100, 0.082620, 0.002370
1500, 1500, 1500, 1500, 0, 0, 0, 0, 0.048576, 0.413400, 0.085050, 0.002370
1500, 1500, 1500, 1500, 0, 0, 0, 0, 0.049588, 0.416000, 0.086265, 0.002370
1500, 1500, 1500, 1500, 0, 0, 0, 0, 0.048576, 0.416000, 0.086265, 0.002370
1500, 1500, 1500, 1500, 0, 0, 0, 0, 0.049588, 0.417300, 0.085050, 0.002370
1500, 1500, 1500, 1500, 0, 0, 0, 0, 0.048576, 0.377000, 0.085050, 0.002370
1500, 1500, 1500, 1500, 0, 0, 0, 0, 0.048576, 0.377000, 0.083835, 0.002370
1500, 1500, 1500, 1500, 0, 0, 0, 0, 0.048576, 0.379600, 0.082620, 0.002370
1500, 1500, 1500, 1500, 0, 0, 0, 0, 0.048576, 0.379600, 0.083835, 0.002373
1500, 1500, 1500, 1500, 0, 0, 0, 0, 0.049588, 0.379600, 0.085050, 0.002370
1500, 1500, 1500, 1500, 0, 0, 0, 0, 0.049588, 0.379600, 0.085050, 0.002370
1500, 1500, 1500, 1500, 0, 0, 0, 0, 0.049588, 0.377000, 0.085050, 0.002370
1500, 1500, 1500, 1500, 0, 0, 0, 0, 0.049588, 0.378300, 0.083835, 0.002370
1500, 1500, 1500, 1500, 0, 0, 0, 0, 0.049588, 0.425744, 0.087480, 0.008690
1500, 1500, 1500, 1500, 0, 0, 0, 0, 0.049588, 0.453002, 0.083835, 0.002370
1500, 1500, 1500, 1500, 0, 0, 0, 0, 0.049588, 0.451704, 0.083835, 0.003160
1500, 1500, 1500, 1500, 0, 0, 0, 0, 0.049588, 0.452400, 0.083835, 0.002370
1500, 1500, 1500, 1500, 0, 0, 0, 0, 0.049588, 0.455000, 0.085050, 0.002370
1500, 1500, 1500, 1500, 0, 0, 0, 0, 0.049588, 0.455000, 0.085050, 0.002370
1500, 1500, 1500, 1500, 0, 0, 0, 0, 0.049588, 0.455000, 0.085050, 0.003160
1500, 1500, 1500, 1500, 0, 0, 0, 0, 0.049588, 0.453700, 0.083835, 0.003160
1500, 1500, 1500, 1500, 0, 0, 0, 0, 0.049588, 0.453700, 0.083835, 0.003160
1500, 1500, 1500, 1500, 0, 0, 0, 0, 0.049588, 1.086120, 0.083835, 0.003160
1500, 1500, 1500, 1500, 0, 0, 0, 0, 0.050600, 1.097757, 0.083697, 0.003160
1500, 1500, 1500, 1500, 0, 0, 0, 0, 0.052572, 1.099492, 0.086123, 0.003160
1500, 1500, 1500, 1500, 0, 0, 0, 0, 0.052572, 1.100784, 0.084910, 0.003160
1500, 1500, 1500, 1500, 0, 0, 0, 0, 0.052572, 1.100784, 0.083835, 0.003164
1500, 1500, 1500, 1500, 0, 0, 0, 0, 0.052572, 1.102076, 0.083835, 0.003160
1500, 1500, 1500, 1500, 0, 0, 0, 0, 0.052624, 1.103368, 0.083835, 0.003160
1500, 1500, 1500, 1500, 0, 0, 0, 0, 0.052624, 1.102929, 0.086123, 0.003160
1500, 1500, 1500, 1500, 0, 0, 0, 0, 0.052624, 1.102929, 0.085050, 0.003160
1500, 1500, 1500, 1500, 0, 0, 0, 0, 0.052624, 1.166676, 0.084910, 0.003160
1500, 1500, 1500, 1500, 0, 0, 0, 0, 0.052624, 1.166676, 0.086123, 0.003160
1500, 1500, 1500, 1500, 0, 0, 0, 0, 0.052624, 1.166676, 0.085050, 0.003160
1500, 1500, 1500, 1500, 0, 0, 0, 0, 0.052624, 1.167968, 0.083835, 0.003160
1500, 1500, 1500, 1500, 0, 0, 0, 0, 0.052624, 1.166676, 0.083835, 0.003160
1500, 1500, 1500, 1500, 0, 0, 0, 0, 0.052624, 1.164092, 0.086265, 0.003160
1500, 1500, 1500, 1500, 0, 0, 0, 0, 0.051612, 1.165384, 0.085050, 0.003160
1500, 1500, 1500, 1500, 0, 0, 0, 0, 0.051561, 1.164092, 0.086123, 0.003160
1500, 1500, 1500, 1500, 0, 0, 0, 0, 0.051612, 1.164092, 0.083835, 0.003160
1500, 1500, 1500, 1500, 0, 0, 0, 0, 0.051561, 1.161508, 0.082484, 0.003160
1500, 1500, 1500, 1500, 0, 0, 0, 0, 0.050600, 1.164092, 0.082620, 0.003160
1500, 1500, 1500, 1500, 0, 0, 0, 0, 0.050550, 1.164092, 0.084910, 0.003160
1500, 1500, 1500, 1500, 0, 0, 0, 0, 0.050600, 1.161508, 0.086123, 0.003160
1500, 1500, 1500, 1500, 0, 0, 0, 0, 0.050600, 1.158924, 0.085050, 0.003160
1500, 1500, 1500, 1500, 0, 0, 0, 0, 0.049588, 0.648550, 0.114304, 0.033180
1500, 1500, 1500, 1500, 0, 0, 0, 0, 0.050600, 1.301328, 0.131436, 0.003160
1500, 1500, 1500, 1500, 0, 0, 0, 0, 0.050550, 1.306492, 0.135087, 0.003160
1500, 1500, 1500, 1500, 0, 0, 0, 0, 0.050600, 1.302619, 0.133870, 0.003160
1500, 1500, 1500, 1500, 0, 0, 0, 0, 0.050550, 1.303910, 0.135087, 0.003160
1500, 1500, 1500, 1500, 0, 0, 0, 0, 0.050550, 1.305201, 0.135087, 0.003160
1500, 1500, 1500, 1500, 0, 0, 0, 0, 0.050600, 1.289709, 0.133870, 0.003160
1500, 1500, 1500, 1500, 0, 0, 0, 0, 0.050550, 1.306492, 0.131436, 0.002370
1500, 1500, 1500, 1500, 0, 0, 0, 0, 0.050600, 1.305201, 0.132653, 0.002370
1500, 1500, 1500, 1500, 0, 0, 0, 0, 0.049588, 0.903910, 0.085050, 0.008690
1500, 1500, 1500, 1500, 0, 0, 0, 0, 0.048576, 0.898730, 0.084910, 0.002370
1500, 1500, 1500, 1500, 0, 0, 0, 0, 0.048576, 0.896140, 0.085050, 0.002370
1500, 1500, 1500, 1500, 0, 0, 0, 0, 0.047517, 0.894845, 0.083835, 0.002370
1500, 1500, 1500, 1500, 0, 0, 0, 0, 0.047564, 0.894845, 0.082620, 0.002370
1500, 1500, 1500, 1500, 0, 0, 0, 0, 0.047564, 0.893550, 0.082620, 0.002370
1500, 1500, 1500, 1500, 0, 0, 0, 0, 0.046552, 0.892255, 0.083835, 0.002370
1500, 1500, 1500, 1500, 0, 0, 0, 0, 0.046552, 0.892255, 0.085050, 0.002370
1500, 1500, 1500, 1500, 0, 0, 0, 0, 0.046552, 0.892255, 0.085050, 0.002370
1500, 1500, 1500, 1500, 0, 0, 0, 0, 0.046552, 1.131792, 0.091125, 0.002370
1500, 1500, 1500, 1500, 0, 0, 0, 0, 0.046506, 1.139544, 0.089910, 0.002370
1500, 1500, 1500, 1500, 0, 0, 0, 0, 0.047517, 1.138252, 0.089910, 0.002370
1500, 1500, 1500, 1500, 0, 0, 0, 0, 0.047564, 1.143420, 0.089910, 0.002370
1500, 1500, 1500, 1500, 0, 0, 0, 0, 0.047564, 1.134376, 0.091125, 0.002370
1500, 1500, 1500, 1500, 0, 0, 0, 0, 0.047564, 1.143420, 0.091125, 0.002370
1500, 1500, 1500, 1500, 0, 0, 0, 0, 0.047564, 1.142128, 0.091125, 0.002370
1500, 1500, 1500, 1500, 0, 0, 0, 0, 0.047564, 1.105952, 0.097200, 0.002370
1000, 1000, 1000, 1000, 0, 0, 0, 0, 0.047564, 1.136960, 0.091125, 0.002370
1500, 1500, 1500, 1500, 0, 0, 0, 0, 0.046552, 0.317444, 0.126672, 0.002370
1500, 1500, 1500, 1500, 0, 0, 0, 0, 0.045540, 0.301832, 0.128100, 0.002370
1500, 1500, 1500, 1500, 0, 0, 0, 0, 0.045540, 0.301832, 0.126880, 0.002370
1500, 1500, 1500, 1500, 0, 0, 0, 0, 0.045540, 0.320046, 0.133980, 0.002370
1500, 1500, 1500, 1500, 0, 0, 0, 0, 0.045540, 0.322648, 0.129108, 0.002373
1000, 1000, 1000, 1000, 0, 0, 0, 0, 0.044528, 0.294026, 0.132762, 0.002373
1500, 1500, 1500, 1500, 0, 0, 0, 0, 0.044528, 0.530882, 0.083835, 0.002370
1500, 1500, 1500, 1500, 0, 0, 0, 0, 0.045540, 0.530882, 0.083835, 0.002370
1500, 1500, 1500, 1500, 0, 0, 0, 0, 0.045540, 0.613954, 0.124032, 0.002373
1500, 1500, 1500, 1500, 0, 0, 0, 0, 0.045540, 0.333056, 0.119168, 0.002370
1500, 1500, 1500, 1500, 0, 0, 0, 0, 0.045540, 0.361400, 0.122917, 0.002370
1500, 1500, 1500, 1500, 0, 0, 0, 0, 0.045540, 0.361678, 0.113088, 0.002370
1500, 1500, 1500, 1500, 0, 0, 0, 0, 0.045540, 0.443300, 0.139955, 0.002370
1500, 1500, 1500, 1500, 0, 0, 0, 0, 0.046552, 0.769121, 0.172956, 0.002370
1500, 1500, 1500, 1500, 0, 0, 0, 0, 0.046552, 0.768528, 0.172020, 0.002370
1500, 1500, 1500, 1500, 0, 0, 0, 0, 0.047564, 0.963480, 0.160644, 0.002370
1500, 1500, 1500, 1500, 0, 0, 0, 0, 0.047564, 0.767824, 0.169302, 0.002370
1500, 1500, 1500, 1500, 0, 0, 0, 0, 0.047564, 0.875420, 0.201300, 0.002370
1500, 1500, 1500, 1500, 0, 0, 0, 0, 0.047564, 0.379600, 0.129108, 0.002370
1500, 1500, 1500, 1500, 0, 0, 0, 0, 0.046552, 0.373100, 0.124134, 0.002370
1500, 1500, 1500, 1500, 0, 0, 0, 0, 0.046552, 0.295240, 0.082620, 0.002370
1500, 1500, 1500, 1500, 0, 0, 0, 0, 0.046552, 0.444600, 0.083835, 0.002370
1500, 1500, 1500, 1500, 0, 0, 0, 0, 0.045540, 0.444600, 0.085050, 0.002370
1500, 1500, 1500, 1500, 0, 0, 0, 0, 0.046552, 0.476366, 0.086265, 0.002370
1500, 1500, 1500, 1500, 0, 0, 0, 0, 0.046552, 0.445900, 0.085050, 0.002373
1500, 1500, 1500, 1500, 0, 0, 0, 0, 0.046552, 0.551650, 0.082620, 0.002370
1500, 1500, 1500, 1500, 0, 0, 0, 0, 0.046552, 0.960890, 0.082620, 0.002370
1500, 1500, 1500, 1500, 0, 0, 0, 0, 0.047564, 0.696489, 0.082484, 0.002370
1500, 1500, 1500, 1500, 0, 0, 0, 0, 0.047564, 0.966070, 0.083697, 0.002373
1500, 1500, 1500, 1500, 0, 0, 0, 0, 0.047564, 0.772416, 0.083697, 0.002370
1500, 1500, 1500, 1500, 0, 0, 0, 0, 0.047564, 0.697786, 0.085050, 0.002370
1500, 1500, 1500, 1500, 0, 0, 0, 0, 0.047564, 0.560736, 0.085050, 0.002373
1500, 1500, 1500, 1500, 0, 0, 0, 0, 0.047564, 0.325248, 0.085050, 0.002373
1500, 1500, 1500, 1500, 0, 0, 0, 0, 0.046552, 0.638616, 0.083835, 0.002373
1500, 1500, 1500, 1500, 0, 0, 0, 0, 0.046552, 0.448500, 0.082620, 0.002370
1500, 1500, 1500, 1500, 0, 0, 0, 0, 0.046552, 0.719835, 0.083835, 0.002370
1500, 1500, 1500, 1500, 0, 0, 0, 0, 0.047564, 0.890960, 0.089910, 0.006320
1500, 1500, 1500, 1500, 0, 0, 0, 0, 0.047564, 0.893550, 0.084910, 0.002370
1500, 1500, 1500, 1500, 0, 0, 0, 0, 0.048528, 0.853405, 0.086265, 0.002370
1500, 1500, 1500, 1500, 0, 0, 0, 0, 0.048576, 0.896140, 0.085050, 0.002370
1500, 1500, 1500, 1500, 0, 0, 0, 0, 0.048576, 0.344560, 0.086265, 0.030020
1500, 1500, 1500, 1500, 0, 0, 0, 0, 0.046552, 0.087200, 0.082620, 0.002370
1000, 1000, 1000, 1000, 0, 0, 0, 0, 0.046598, 0.079570, 0.082620, 0.002370
1000, 1000, 1000, 1000, 0, 0, 0, 0, 0.046552, 0.105090, 0.083835, 0.002370
1000, 1000, 1000, 1000, 0, 0, 0, 0, 0.046552, 0.078480, 0.085050, 0.002370
1500, 1500, 1500, 1500, 0, 0, 0, 0, 0.046552, 0.463386, 0.095985, 0.002370
1500, 1500, 1500, 1500, 0, 0, 0, 0, 0.046552, 0.469876, 0.098415, 0.002370
1500, 1500, 1500, 1500, 0, 0, 0, 0, 0.046552, 0.468578, 0.094770, 0.002370
1000, 1000, 1000, 1000, 0, 0, 0, 0, 0.046552, 0.462800, 0.099712, 0.002370
1000, 1000, 1000, 1000, 0, 0, 0, 0, 0.046552, 0.081750, 0.085050, 0.002370
1000, 1000, 1000, 1000, 0, 0, 0, 0, 0.045585, 0.080660, 0.085050, 0.002370
1000, 1000, 1000, 1000, 0, 0, 0, 0, 0.045540, 0.077390, 0.083835, 0.002373
1000, 1000, 1000, 1000, 0, 0, 0, 0, 0.045540, 0.077390, 0.082620, 0.002370
1000, 1000, 1000, 1000, 0, 0, 0, 0, 0.045585, 0.092480, 0.091125, 0.004740
1000, 1000, 1000, 1000, 0, 0, 0, 0, 0.045540, 0.077390, 0.083835, 0.002370
1000, 1000, 1000, 1000, 0, 0, 0, 0, 0.045540, 0.078480, 0.085050, 0.002373
1000, 1000, 1000, 1000, 0, 0, 0, 0, 0.044528, 0.080660, 0.086265, 0.002370
1000, 1000, 1000, 1000, 0, 0, 0, 0, 0.045540, 0.077390, 0.083835, 0.002370
1500, 1500, 1500, 1500, 0, 0, 0, 0, 0.045540, 0.462088, 0.097280, 0.002370
1500, 1500, 1500, 1500, 0, 0, 0, 0, 0.046598, 0.465400, 0.095985, 0.002370
1500, 1500, 1500, 1500, 0, 0, 0, 0, 0.046552, 0.466700, 0.096064, 0.002370
1000, 1000, 1000, 1000, 0, 0, 0, 0, 0.046552, 0.468000, 0.097280, 0.002370
1000, 1000, 1000, 1000, 0, 0, 0, 0, 0.046552, 0.080660, 0.085050, 0.002370
1000, 1000, 1000, 1000, 0, 0, 0, 0, 0.046552, 0.078480, 0.082620, 0.002373
1000, 1000, 1000, 1000, 0, 0, 0, 0, 0.045540, 0.077390, 0.083835, 0.002370
1500, 1500, 1500, 1500, 0, 0, 0, 0, 0.045540, 0.108155, 0.092340, 0.002370
1000, 1000, 1000, 1000, 0, 0, 0, 0, 0.045540, 0.079570, 0.085050, 0.002373
1000, 1000, 1000, 1000, 0, 0, 0, 0, 0.045540, 0.079570, 0.083835, 0.002370
1000, 1000, 1000, 1000, 0, 0, 0, 0, 0.045540, 0.078480, 0.085050, 0.002370
1000, 1000, 1000, 1000, 0, 0, 0, 0, 0.045540, 0.077390, 0.083835, 0.002373
1000, 1000, 1000, 1000, 0, 0, 0, 0, 0.045540, 0.079570, 0.083835, 0.002373
1000, 1000, 1000, 1000, 0, 0, 0, 0, 0.046552, 0.180861, 0.225330, 0.486130
1000, 1000, 1000, 1000, 0, 0, 0, 0, 0.046552, 0.179520, 0.192444, 0.243183
1000, 1000, 1000, 1000, 0, 0, 0, 0, 0.046552, 0.149730, 0.156160, 0.153270
1000, 1000, 1000, 1000, 0, 0, 0, 0, 0.047564, 0.114586, 0.134310, 0.302592
1000, 1000, 1000, 1000, 0, 0, 0, 0, 0.047564, 0.101332, 0.163480, 0.315200
1000, 1000, 1000, 1000, 0, 0, 0, 0, 0.047564, 0.125396, 0.181482, 0.211703
1000, 1000, 1000, 1000, 0, 0, 0, 0, 0.047564, 0.177940, 0.205673, 0.205407
1000, 1000, 1000, 1000, 0, 0, 0, 0, 0.047564, 0.180442, 0.192444, 0.340416
1000, 1000, 1000, 1000, 0, 0, 0, 0, 0.047564, 0.163986, 0.158600, 0.305744
1000, 1000, 1000, 1000, 0, 0, 0, 0, 0.047564, 0.199864, 0.151404, 0.193602
1000, 1000, 1000, 1000, 0, 0, 0, 0, 0.048576, 0.139062, 0.181482, 1.011867
1000, 1000, 1000, 1000, 0, 0, 0, 0, 0.049588, 0.140956, 0.200970, 1.118380
1000, 1000, 1000, 1000, 0, 0, 0, 0, 0.049588, 0.168012, 0.226362, 1.176090
1000, 1000, 1000, 1000, 0, 0, 0, 0, 0.050600, 0.183090, 0.222711, 1.061665
1000, 1000, 1000, 1000, 0, 0, 0, 0, 0.051612, 0.203228, 0.203406, 1.307430
1000, 1000, 1000, 1000, 0, 0, 0, 0, 0.051612, 0.192418, 0.170520, 1.110174
1000, 1000, 1000, 1000, 0, 0, 0, 0, 0.052624, 0.168168, 0.182550, 0.892515
1000, 1000, 1000, 1000, 0, 0, 0, 0, 0.052624, 0.150640, 0.215409, 1.022860
1000, 1000, 1000, 1000, 0, 0, 0, 0, 0.052624, 0.161250, 0.228796, 1.102230
1000, 1000, 1000, 1000, 0, 0, 0, 0, 0.052624, 0.184167, 0.214192, 1.073433
1000, 1000, 1000, 1000, 0, 0, 0, 0, 0.052624, 0.204309, 0.200805, 1.029825
1000, 1000, 1000, 1000, 0, 0, 0, 0, 0.052624, 0.194580, 0.193662, 1.143936
1000, 1000, 1000, 1000, 0, 0, 0, 0, 0.052624, 0.176792, 0.169302, 1.150887
1000, 1000, 1000, 1000, 0, 0, 0, 0, 0.050600, 0.372710, 0.217516, 0.161540
1000, 1000, 1000, 1000, 0, 0, 0, 0, 0.050600, 0.238825, 0.146640, 0.149530
1500, 1500, 1500, 1500, 0, 0, 0, 0, 0.049588, 0.376048, 0.156993, 0.304956
1500, 1500, 1500, 1500, 0, 0, 0, 0, 0.049588, 0.421200, 0.132762, 0.166268
1500, 1500, 1500, 1500, 0, 0, 0, 0, 0.048576, 0.388700, 0.111964, 0.004740
1000, 1000, 1000, 1000, 0, 0, 0, 0, 0.048576, 0.142090, 0.306220, 1.640730
1000, 1000, 1000, 1000, 0, 0, 0, 0, 0.052624, 0.240977, 0.371490, 2.621221
1000, 1000, 1000, 1000, 0, 0, 0, 0, 0.054594, 0.174474, 0.357460, 2.552745
1100, 1100, 1100, 1100, 0, 0, 0, 0, 0.056616, 0.183090, 0.357460, 2.564829
1500, 1500, 1500, 1500, 0, 0, 0, 0, 0.058696, 0.448224, 0.378798, 2.620214
1500, 1500, 1500, 1500, 0, 0, 0, 0, 0.059649, 0.438840, 0.375144, 2.669184
1500, 1500, 1500, 1500, 0, 0, 0, 0, 0.059708, 0.495454, 0.305000, 1.404676
1500, 1500, 1500, 1500, 0, 0, 0, 0, 0.058696, 0.488969, 0.319640, 1.650324
1500, 1500, 1500, 1500, 0, 0, 0, 0, 0.058638, 0.495454, 0.313540, 1.611005
1500, 1500, 1500, 1500, 0, 0, 0, 0, 0.058696, 0.485078, 0.297924, 1.423744
1500, 1500, 1500, 1500, 0, 0, 0, 0, 0.057684, 0.482484, 0.293280, 1.081144
1500, 1500, 1500, 1500, 0, 0, 0, 0, 0.056672, 0.484154, 0.292058, 1.042753
1000, 1000, 1000, 1000, 0, 0, 0, 0, 0.056616, 0.161700, 0.405040, 2.681340
1000, 1000, 1000, 1000, 0, 0, 0, 0, 0.058696, 0.240394, 0.410256, 2.583504
1000, 1000, 1000, 1000, 0, 0, 0, 0, 0.058638, 0.175388, 0.453733, 2.535626
1000, 1000, 1000, 1000, 0, 0, 0, 0, 0.059649, 0.196363, 0.454956, 2.573348
1000, 1000, 1000, 1000, 0, 0, 0, 0, 0.060660, 0.183090, 0.455806, 2.552745
1000, 1000, 1000, 1000, 0, 0, 0, 0, 0.060660, 0.184379, 0.439560, 2.582496
1000, 1000, 1000, 1000, 0, 0, 0, 0, 0.061671, 0.173558, 0.422466, 2.615179
1000, 1000, 1100, 1100, 0, 0, 0, 0, 0.061671, 0.180936, 0.416361, 2.569864
1500, 1500, 1500, 1500, 0, 0, 0, 0, 0.061732, 0.517503, 0.367822, 2.583962
1500, 1500, 1500, 1500, 0, 0, 0, 0, 0.061671, 0.479890, 0.373926, 1.560540
1500, 1500, 1500, 1500, 0, 0, 0, 0, 0.060660, 0.474702, 0.376362, 1.891792
1500, 1500, 1500, 1500, 0, 0, 0, 0, 0.059708, 0.501939, 0.381576, 1.198080
1500, 1500, 1500, 1500, 0, 0, 0, 0, 0.059649, 0.500642, 0.362340, 1.873400
1500, 1500, 1500, 1500, 0, 0, 0, 0, 0.059649, 0.466920, 0.391620, 2.186692
1500, 1500, 1500, 1500, 0, 0, 0, 0, 0.060660, 0.470811, 0.387960, 2.432462
1500, 1500, 1500, 1500, 0, 0, 0, 0, 0.060660, 0.478593, 0.387057, 2.457658
1500, 1500, 1500, 1500, 0, 0, 0, 0, 0.061671, 0.500642, 0.384615, 2.433942
1500, 1500, 1500, 1500, 0, 0, 0, 0, 0.061671, 0.505830, 0.416020, 2.630880
1500, 1500, 1500, 1500, 0, 0, 0, 0, 0.061671, 0.487672, 0.389499, 2.076770
1500, 1500, 1500, 1500, 0, 0, 0, 0, 0.061671, 0.474702, 0.364780, 1.542675
1500, 1500, 1500, 1500, 0, 0, 0, 0, 0.058638, 0.487672, 0.340659, 0.979848
1500, 1500, 1500, 1500, 0, 0, 0, 0, 0.057627, 0.468217, 0.331840, 0.936826
1500, 1500, 1500, 1500, 0, 0, 0, 0, 0.056616, 0.476366, 0.288392, 0.985932
1500, 1500, 1500, 1500, 0, 0, 0, 0, 0.055660, 0.472472, 0.300366, 0.771760
1500, 1500, 1500, 1500, 0, 0, 0, 0, 0.054594, 0.480260, 0.299390, 0.849200
1500, 1500, 1500, 1500, 0, 0, 0, 0, 0.053636, 0.467280, 0.293280, 0.748880
1500, 1500, 1500, 1500, 0, 0, 0, 0, 0.053636, 0.467280, 0.298412, 0.748664
1500, 1500, 1500, 1500, 0, 0, 0, 0, 0.052624, 0.471174, 0.306722, 0.816927
1500, 1500, 1500, 1500, 0, 0, 0, 0, 0.052624, 0.462088, 0.309166, 0.805000
1500, 1500, 1500, 1500, 0, 0, 0, 0, 0.052624, 0.471174, 0.313088, 0.826494
1500, 1500, 1500, 1500, 0, 0, 0, 0, 0.052624, 0.476366, 0.290836, 0.826650
1500, 1500, 1500, 1500, 0, 0, 0, 0, 0.051612, 0.471174, 0.301587, 0.843480
1500, 1500, 1500, 1500, 0, 0, 0, 0, 0.051612, 0.467280, 0.303056, 0.715770
1500, 1500, 1500, 1500, 0, 0, 0, 0, 0.050600, 0.391300, 0.133650, 0.428640
1000, 1000, 1000, 1000, 0, 0, 0, 0, 0.049588, 0.183996, 0.154432, 0.261284
1000, 1000, 1000, 1000, 0, 0, 0, 0, 0.047564, 0.196196, 0.165376, 0.140086
1500, 1500, 1500, 1500, 0, 0, 0, 0, 0.046552, 0.185072, 0.161861, 0.107956
1000, 1000, 1000, 1000, 0, 0, 0, 0, 0.045540, 0.083930, 0.086265, 0.002370
1000, 1000, 1000, 1000, 0, 0, 0, 0, 0.044528, 0.095460, 0.085050, 0.002370
1000, 1000, 1000, 1000, 0, 0, 0, 0, 0.044528, 0.077390, 0.082620, 0.002373
1000, 1000, 1000, 1000, 0, 0, 0, 0, 0.043516, 0.075210, 0.082620, 0.002370
1000, 1000, 1000, 1000, 0, 0, 0, 0, 0.043516, 0.075210, 0.083835, 0.002370
1000, 1000, 1000, 1000, 0, 0, 0, 0, 0.043516, 0.121632, 0.133760, 0.074260
1000, 1000, 1000, 1000, 0, 0, 0, 0, 0.043516, 0.145658, 0.127785, 0.063990
1000, 1000, 1000, 1000, 0, 0, 0, 0, 0.043516, 0.218286, 0.115520, 0.101523
1000, 1000, 1000, 1000, 0, 0, 0, 0, 0.043516, 0.170345, 0.165512, 0.017380
1000, 1000, 1000, 1000, 0, 0, 0, 0, 0.043516, 0.138176, 0.107008, 0.094010
1000, 1000, 1000, 1000, 0, 0, 0, 0, 0.043516, 0.118374, 0.102228, 0.097170
1000, 1000, 1000, 1000, 0, 0, 0, 0, 0.043516, 0.077390, 0.098496, 0.043450
1000, 1000, 1000, 1000, 0, 0, 0, 0, 0.043516, 0.075210, 0.083835, 0.002370
1000, 1000, 1000, 1000, 0, 0, 0, 0, 0.042504, 0.074120, 0.085050, 0.002370
1000, 1000, 1000, 1000, 0, 0, 0, 0, 0.042504, 0.130440, 0.094848, 0.044128
1000, 1000, 1000, 1000, 0, 0, 0, 0, 0.042504, 0.097920, 0.100928, 0.015760
1000, 1000, 1000, 1000, 0, 0, 0, 0, 0.043516, 0.112944, 0.125454, 0.077814
1000, 1000, 1000, 1000, 0, 0, 0, 0, 0.043516, 0.150398, 0.159427, 0.330172
1000, 1000, 1000, 1000, 0, 0, 0, 0, 0.043516, 0.112112, 0.172814, 0.139830
1000, 1000, 1000, 1000, 0, 0, 0, 0, 0.043516, 0.090138, 0.110565, 0.230884
1000, 1000, 1000, 1000, 0, 0, 0, 0, 0.043516, 0.091308, 0.111872, 0.078700
1000, 1000, 1000, 1000, 0, 0, 0, 0, 0.043516, 0.074120, 0.085050, 0.002370
1000, 1000, 1000, 1000, 0, 0, 0, 0, 0.042504, 0.075210, 0.083835, 0.002373
1000, 1000, 1000, 1000, 0, 0, 0, 0, 0.042504, 0.075210, 0.082620, 0.002370
1000, 1000, 1000, 1000, 0, 0, 0, 0, 0.042504, 0.075210, 0.083835, 0.002370
1000, 1000, 1000, 1000, 0, 0, 0, 0, 0.042504, 0.076300, 0.082620, 0.002370
1000, 1000, 1000, 1000, 0, 0, 0, 0, 0.042504, 0.074120, 0.082620, 0.002370
1000, 1000, 1000, 1000, 0, 0, 0, 0, 0.042504, 0.075210, 0.085050, 0.002370
1000, 1000, 1000, 1000, 0, 0, 0, 0, 0.042504, 0.075210, 0.085050, 0.002370
1000, 1000, 1000, 1000, 0, 0, 0, 0, 0.042504, 0.075210, 0.086265, 0.002370
1000, 1000, 1000, 1000, 0, 0, 0, 0, 0.042504, 0.077390, 0.083835, 0.002370
