CPU0_FREQ, CPU1_FREQ, CPU2_FREQ, CPU3_FREQ, CPU4_FREQ, CPU5_FREQ, CPU6_FREQ, CPU7_FREQ, A15_W, A7_W, MEM_W, GPU_W
1000, 1000, 1000, 1000, 1200, 1200, 1200, 1200, 0.654672, 0.155441, 0.116832, 0.229017
1000, 1000, 1000, 1000, 1200, 1200, 1200, 1200, 0.385892, 0.165376, 0.132544, 0.063585
1000, 1000, 1000, 1000, 1200, 1200, 1200, 1200, 0.423453, 0.146610, 0.122816, 0.072220
1000, 1000, 1000, 1000, 1200, 1200, 1200, 1200, 0.301752, 0.162112, 0.138510, 0.212490
1000, 1000, 1000, 1000, 1200, 1200, 1200, 1200, 0.272970, 0.141180, 0.143488, 0.369720
1000, 1000, 1000, 1000, 1200, 1200, 1200, 1200, 0.648369, 0.109383, 0.131328, 0.169776
1000, 1000, 1000, 1000, 1200, 1200, 1200, 1200, 0.468160, 0.100626, 0.116736, 0.075360
1000, 1000, 1000, 1000, 1200, 1200, 1200, 1200, 0.361888, 0.121296, 0.110656, 0.294712
1000, 1000, 1000, 1000, 1200, 1200, 1200, 1200, 0.273981, 0.154212, 0.121600, 0.331010
1000, 1000, 1000, 1000, 1200, 1200, 1200, 1200, 0.273981, 0.165376, 0.137408, 0.098910
1000, 1000, 1000, 1000, 1200, 1200, 1200, 1200, 0.271959, 0.147832, 0.142272, 0.132048
1000, 1000, 1000, 1000, 1200, 1200, 1200, 1200, 0.270948, 0.122605, 0.152125, 0.147768
1000, 1000, 1000, 1000, 1200, 1200, 1200, 1200, 0.271959, 0.145524, 0.155648, 0.316776
1000, 1000, 1000, 1000, 1200, 1200, 1200, 1200, 0.274992, 0.327075, 0.144942, 0.108330
1000, 1000, 1000, 1000, 1200, 1200, 1200, 2000, 0.268926, 0.096832, 0.104490, 0.106650
1000, 1000, 1000, 1000, 2000, 2000, 2000, 2000, 0.284091, 0.096743, 0.175248, 0.304150
1000, 1000, 1000, 1000, 2000, 2000, 2000, 2000, 0.269937, 0.081750, 0.082620, 0.002373
1500, 1500, 1500, 1500, 2000, 2000, 2000, 2000, 0.269937, 0.452991, 0.099630, 0.002373
1500, 1500, 1500, 1500, 1200, 1200, 1200, 1200, 0.343416, 0.578462, 0.109440, 0.002373
1500, 1500, 1500, 1500, 1200, 1200, 1200, 1200, 0.487305, 0.581056, 0.098415, 0.002373
1500, 1500, 1500, 1500, 1200, 1200, 1200, 1200, 0.351230, 0.595323, 0.104490, 0.002370
1500, 1500, 1500, 1500, 1200, 1200, 1200, 1200, 0.653486, 0.596620, 0.098415, 0.002373
1500, 1500, 1500, 1500, 1200, 1200, 1200, 1200, 0.293910, 0.595323, 0.105705, 0.002373
1000, 1000, 1000, 1000, 1200, 1200, 1200, 1200, 0.300384, 0.590135, 0.098415, 0.029267
1500, 1500, 1500, 1500, 1200, 1200, 1200, 1200, 0.332846, 0.618669, 0.086123, 0.002373
1500, 1500, 1500, 1500, 1200, 1200, 1200, 1200, 0.485982, 0.618669, 0.086265, 0.002370
1500, 1500, 1500, 1500, 1200, 1200, 1200, 1200, 0.306030, 0.616075, 0.085050, 0.002373
1500, 1500, 1500, 1500, 1200, 1200, 1200, 1200, 0.879570, 0.626451, 0.082620, 0.002373
1500, 1500, 1500, 1500, 1200, 1200, 1200, 1200, 0.431830, 0.622560, 0.087480, 0.003164
1500, 1500, 1500, 1500, 1200, 1200, 1200, 1200, 0.272970, 0.619966, 0.085050, 0.003160
1500, 1500, 1500, 1500, 1200, 1200, 1200, 1200, 0.483778, 0.621263, 0.082620, 0.003164
1500, 1500, 1500, 1500, 1200, 1200, 1200, 1200, 0.459224, 0.451100, 0.083835, 0.002373
1500, 1500, 1500, 1500, 1200, 1200, 1200, 1200, 0.271959, 0.452400, 0.085050, 0.002373
1500, 1500, 1500, 1500, 1200, 1200, 1200, 1200, 0.869130, 0.453700, 0.085050, 0.002373
1500, 1500, 1500, 1500, 1200, 1200, 1200, 1200, 0.271959, 0.451100, 0.085050, 0.002373
1500, 1500, 1500, 1500, 1200, 1200, 1200, 1200, 0.270948, 0.448500, 0.083835, 0.002373
1500, 1500, 1500, 1500, 1200, 1200, 1200, 1200, 0.270948, 0.449800, 0.083835, 0.002373
1500, 1500, 1500, 1500, 1200, 1200, 1200, 1200, 0.269937, 0.449800, 0.082620, 0.002373
1500, 1500, 1500, 1500, 1200, 1200, 1200, 1200, 0.270948, 0.451100, 0.083835, 0.002373
1500, 1500, 1500, 1500, 1200, 1200, 1200, 1200, 0.269937, 0.448500, 0.083835, 0.002373
1500, 1500, 1500, 1500, 1200, 1200, 1200, 1200, 0.269937, 0.409500, 0.085050, 0.002373
1500, 1500, 1500, 1500, 1200, 1200, 1200, 1200, 0.268926, 0.409500, 0.085050, 0.002373
1500, 1500, 1500, 1500, 1200, 1200, 1200, 1200, 0.269937, 0.409500, 0.083835, 0.002373
1500, 1500, 1500, 1500, 1200, 1200, 1200, 1200, 0.269937, 0.413400, 0.082620, 0.002373
1500, 1500, 1500, 1500, 1400, 1400, 1400, 1400, 0.268926, 0.413400, 0.082620, 0.002373
1500, 1500, 1500, 1500, 2000, 2000, 2000, 2000, 0.268926, 0.412100, 0.083835, 0.024490
1500, 1500, 1500, 1500, 1200, 1200, 1200, 1200, 0.268926, 0.410800, 0.082620, 0.002370
1500, 1500, 1500, 1500, 1200, 1200, 1200, 1200, 0.268660, 0.412100, 0.083835, 0.002373
1500, 1500, 1500, 1500, 1200, 1200, 1200, 1200, 0.268660, 0.413400, 0.084910, 0.002370
1500, 1500, 1500, 1500, 1200, 1200, 1200, 1200, 0.268660, 0.377000, 0.085050, 0.002370
1500, 1500, 1500, 1500, 1200, 1200, 1200, 1200, 0.268660, 0.377000, 0.083835, 0.002370
1500, 1500, 1500, 1500, 1200, 1200, 1200, 1200, 0.269937, 0.377000, 0.082484, 0.002370
1500, 1500, 1500, 1500, 1200, 1200, 1200, 1200, 0.268926, 0.378300, 0.083835, 0.002370
1500, 1500, 1500, 1500, 1200, 1200, 1200, 1200, 0.361152, 0.380900, 0.085050, 0.002373
1500, 1500, 1500, 1500, 1200, 1200, 1200, 1200, 0.499206, 0.380900, 0.083835, 0.002373
1500, 1500, 1500, 1500, 1200, 1200, 1200, 1200, 0.304010, 0.379600, 0.083835, 0.002373
1500, 1500, 1500, 1500, 1200, 1200, 1200, 1200, 0.270680, 0.377000, 0.085050, 0.002373
1500, 1500, 1500, 1500, 1200, 1200, 1200, 1200, 0.353632, 0.410800, 0.087480, 0.030849
1500, 1500, 1500, 1500, 1200, 1200, 1200, 1200, 0.438596, 0.455000, 0.085050, 0.002373
1500, 1500, 1500, 1500, 1200, 1200, 1200, 1200, 0.309060, 0.455000, 0.083835, 0.002370
1500, 1500, 1500, 1500, 1200, 1200, 1200, 1200, 0.709056, 0.455000, 0.085050, 0.002373
1500, 1500, 1500, 1500, 1200, 1200, 1200, 1200, 0.271959, 0.456300, 0.085050, 0.002373
1500, 1500, 1500, 1500, 1200, 1200, 1200, 1200, 0.270680, 0.456300, 0.085050, 0.002373
1500, 1500, 1500, 1500, 1200, 1200, 1200, 1200, 0.270948, 0.453700, 0.084910, 0.002373
1500, 1500, 1500, 1500, 1200, 1200, 1200, 1200, 0.269670, 0.456300, 0.083835, 0.002373
1500, 1500, 1500, 1500, 2000, 2000, 2000, 2000, 0.866520, 0.457600, 0.081405, 0.002373
1500, 1500, 1500, 1500, 1200, 1200, 1200, 1200, 0.272700, 1.091292, 0.083697, 0.003164
1500, 1500, 1500, 1500, 1200, 1200, 1200, 1200, 0.272700, 1.095616, 0.084910, 0.003164
1500, 1500, 1500, 1500, 1200, 1200, 1200, 1200, 0.273710, 1.099050, 0.086123, 0.003164
1500, 1500, 1500, 1500, 1200, 1200, 1200, 1200, 0.273710, 1.100343, 0.084910, 0.003164
1500, 1500, 1500, 1500, 1200, 1200, 1200, 1200, 0.274720, 1.099492, 0.083835, 0.003164
1500, 1500, 1500, 1500, 1200, 1200, 1200, 1200, 0.273710, 1.099492, 0.083697, 0.003164
1500, 1500, 1500, 1500, 1200, 1200, 1200, 1200, 0.273710, 1.101636, 0.083697, 0.003164
1500, 1500, 1500, 1500, 1200, 1200, 1200, 1200, 0.274720, 1.101636, 0.082484, 0.003164
1500, 1500, 1500, 1500, 2000, 2000, 2000, 2000, 0.273710, 1.100784, 0.083835, 0.003164
1500, 1500, 1500, 1500, 2000, 2000, 2000, 2000, 0.273710, 1.169260, 0.084910, 0.003160
1500, 1500, 1500, 1500, 2000, 2000, 2000, 2000, 0.273710, 1.169260, 0.084910, 0.003160
1500, 1500, 1500, 1500, 2000, 2000, 2000, 2000, 0.273710, 1.170552, 0.084910, 0.003160
1500, 1500, 1500, 1500, 1200, 1200, 1200, 1200, 0.285830, 1.169260, 0.084910, 0.003160
1500, 1500, 1500, 1500, 1200, 1200, 1200, 1200, 0.410576, 1.167968, 0.083697, 0.003160
1500, 1500, 1500, 1500, 1200, 1200, 1200, 1200, 0.572414, 1.169260, 0.083835, 0.003164
1500, 1500, 1500, 1500, 1200, 1200, 1200, 1200, 0.551460, 1.167968, 0.081405, 0.003164
1500, 1500, 1500, 1500, 1200, 1200, 1200, 1200, 0.273710, 1.169260, 0.083697, 0.003164
1500, 1500, 1500, 1500, 1200, 1200, 1200, 1200, 0.388066, 1.169260, 0.084910, 0.003160
1500, 1500, 1500, 1500, 1200, 1200, 1200, 1200, 0.474880, 1.166676, 0.086123, 0.003160
1500, 1500, 1500, 1500, 1200, 1200, 1200, 1200, 0.640740, 1.167968, 0.084910, 0.003160
1500, 1500, 1500, 1500, 1200, 1200, 1200, 1200, 0.679440, 1.166676, 0.083697, 0.003160
1500, 1500, 1500, 1500, 1200, 1200, 1200, 1200, 0.562302, 1.166676, 0.082484, 0.003160
1500, 1500, 1500, 1500, 1200, 1200, 1200, 1200, 0.432915, 1.167968, 0.083697, 0.003164
1000, 1000, 1000, 1000, 1200, 1200, 1200, 1200, 0.274992, 0.331840, 0.084910, 0.009492
1500, 1500, 1500, 1500, 1200, 1200, 1200, 1200, 0.651477, 1.327410, 0.128896, 0.003160
1500, 1500, 1500, 1500, 1200, 1200, 1200, 1200, 0.508300, 1.342640, 0.130219, 0.003160
1500, 1500, 1500, 1500, 1200, 1200, 1200, 1200, 0.365403, 1.338767, 0.129002, 0.003164
1500, 1500, 1500, 1500, 1200, 1200, 1200, 1200, 0.381270, 1.354259, 0.128896, 0.003160
1500, 1500, 1500, 1500, 1200, 1200, 1200, 1200, 0.281790, 1.349095, 0.129002, 0.003160
1500, 1500, 1500, 1500, 1200, 1200, 1200, 1200, 0.278760, 1.343931, 0.126568, 0.003160
1500, 1500, 1500, 1500, 1200, 1200, 1200, 1200, 0.277750, 1.333860, 0.127680, 0.003160
1500, 1500, 1500, 1500, 1200, 1200, 1200, 1200, 0.277750, 1.327148, 0.127785, 0.003160
1500, 1500, 1500, 1500, 1200, 1200, 1200, 1200, 0.277750, 1.324566, 0.130112, 0.003160
1500, 1500, 1500, 1500, 1200, 1200, 1200, 1200, 0.272700, 0.907795, 0.085050, 0.003164
1500, 1500, 1500, 1500, 1200, 1200, 1200, 1200, 0.271690, 0.903910, 0.084910, 0.003164
1500, 1500, 1500, 1500, 1200, 1200, 1200, 1200, 0.270680, 0.903910, 0.083697, 0.002370
1500, 1500, 1500, 1500, 1200, 1200, 1200, 1200, 0.270680, 0.901320, 0.082484, 0.002373
1500, 1500, 1500, 1500, 1200, 1200, 1300, 1300, 0.269670, 0.900025, 0.082620, 0.002370
1500, 1500, 1500, 1500, 2000, 2000, 2000, 2000, 0.269670, 0.900025, 0.082620, 0.002373
1500, 1500, 1500, 1500, 2000, 2000, 2000, 2000, 0.269670, 0.898730, 0.084910, 0.002373
1500, 1500, 1500, 1500, 2000, 2000, 2000, 2000, 0.269670, 0.898730, 0.086123, 0.002373
1500, 1500, 1500, 1500, 1200, 1200, 1200, 1200, 0.269670, 0.898730, 0.084910, 0.002373
1500, 1500, 1500, 1500, 1200, 1200, 1200, 1200, 0.269670, 1.134376, 0.091125, 0.002373
1500, 1500, 1500, 1500, 1200, 1200, 1200, 1200, 0.270680, 1.143420, 0.089762, 0.002370
1500, 1500, 1500, 1500, 1200, 1200, 1200, 1200, 0.509842, 1.144712, 0.091125, 0.002373
1500, 1500, 1500, 1500, 1200, 1200, 1200, 1200, 0.669578, 1.143420, 0.093555, 0.002373
1500, 1500, 1500, 1500, 1200, 1200, 1200, 1200, 0.644980, 1.144712, 0.092340, 0.002373
1500, 1500, 1500, 1500, 1200, 1200, 1200, 1200, 0.582500, 1.143420, 0.091125, 0.002373
1500, 1500, 1500, 1500, 1200, 1200, 1200, 1200, 0.440800, 1.147296, 0.089910, 0.002370
1500, 1500, 1500, 1500, 1200, 1200, 1200, 1200, 0.374400, 1.148588, 0.089910, 0.002373
1500, 1500, 1500, 1500, 1200, 1200, 1200, 1200, 0.684930, 1.026642, 0.090975, 0.002373
1500, 1500, 1500, 1500, 1200, 1200, 1200, 1200, 0.503778, 0.292725, 0.125351, 0.002373
1500, 1500, 1500, 1500, 1200, 1200, 1200, 1200, 0.388024, 0.321100, 0.114492, 0.002373
1500, 1500, 1500, 1500, 1200, 1200, 1200, 1200, 0.377364, 0.294026, 0.125351, 0.002373
1500, 1500, 1500, 1500, 1200, 1200, 1200, 1200, 0.276003, 0.283618, 0.126568, 0.002373
1500, 1500, 1500, 1500, 1200, 1200, 1200, 1200, 0.273981, 0.279715, 0.118049, 0.002373
1500, 1500, 1500, 1500, 1200, 1200, 1200, 1200, 0.272970, 0.301832, 0.122917, 0.002373
1500, 1500, 1500, 1500, 1200, 1200, 1200, 1200, 0.271690, 0.305735, 0.125351, 0.002373
1500, 1500, 1500, 1500, 1200, 1200, 1200, 1200, 0.309000, 0.536074, 0.083835, 0.002373
1500, 1500, 1500, 1500, 1200, 1200, 1200, 1200, 0.266640, 0.537372, 0.083835, 0.002373
1500, 1500, 1500, 1500, 1200, 1200, 1200, 1200, 0.267915, 0.537372, 0.083835, 0.002373
1500, 1500, 1500, 1500, 1200, 1200, 1200, 1200, 0.270948, 0.330200, 0.114304, 0.002373
1500, 1500, 1500, 1500, 1200, 1200, 1200, 1200, 0.269937, 0.369200, 0.127680, 0.002373
1500, 1500, 1500, 1500, 1200, 1200, 1200, 1200, 0.268660, 0.366600, 0.124134, 0.002373
1500, 1500, 1500, 1500, 1200, 1200, 1200, 1200, 0.272700, 0.443300, 0.137408, 0.002373
1500, 1500, 1500, 1500, 2000, 2000, 2000, 2000, 0.273710, 0.745200, 0.164430, 0.002373
1500, 1500, 1500, 1500, 1200, 1200, 1200, 1200, 0.274720, 0.769824, 0.168084, 0.002373
1500, 1500, 1500, 1500, 1200, 1200, 1200, 1200, 0.276740, 1.035693, 0.159558, 0.002370
1500, 1500, 1500, 1500, 1200, 1200, 1200, 1200, 0.276740, 0.725023, 0.150908, 0.002373
1500, 1500, 1500, 1500, 1200, 1200, 1200, 1200, 0.443040, 0.887075, 0.197640, 0.002373
1500, 1500, 1500, 1500, 1200, 1200, 1200, 1200, 0.534860, 0.532180, 0.154559, 0.002373
1500, 1500, 1500, 1500, 1200, 1200, 1200, 1200, 0.493696, 0.382200, 0.122917, 0.002373
1000, 1000, 1000, 1000, 1200, 1200, 1200, 1200, 0.498104, 0.294406, 0.115520, 0.051415
1500, 1500, 1500, 1500, 1200, 1200, 1200, 1200, 0.524400, 0.449800, 0.083835, 0.002370
1500, 1500, 1500, 1500, 1200, 1200, 1200, 1200, 0.280780, 0.447810, 0.085050, 0.002373
1500, 1500, 1500, 1500, 1200, 1200, 1200, 1200, 0.478935, 0.720576, 0.085050, 0.002373
1000, 1000, 1000, 1000, 1200, 1200, 1200, 1200, 0.477360, 0.477664, 0.086265, 0.002373
1500, 1500, 1500, 1500, 1200, 1200, 1200, 1200, 0.533596, 0.449800, 0.087480, 0.002373
1500, 1500, 1500, 1500, 1200, 1200, 1200, 1200, 0.271959, 0.695192, 0.083697, 0.002373
1500, 1500, 1500, 1500, 1200, 1200, 1200, 1200, 0.270680, 0.967365, 0.082484, 0.002373
1500, 1500, 1500, 1500, 1200, 1200, 1200, 1200, 0.269670, 0.798336, 0.082620, 0.002373
1500, 1500, 1500, 1500, 1200, 1200, 1200, 1200, 0.270680, 0.702974, 0.083697, 0.002373
1500, 1500, 1500, 1500, 1200, 1200, 1200, 1200, 0.270680, 0.929810, 0.084910, 0.002370
1500, 1500, 1500, 1500, 1200, 1200, 1200, 1200, 0.269670, 0.701677, 0.084910, 0.002373
1500, 1500, 1500, 1500, 1200, 1200, 1200, 1200, 0.298835, 0.573716, 0.083835, 0.002373
1500, 1500, 1500, 1500, 1200, 1200, 1200, 1200, 0.268660, 0.478962, 0.085050, 0.002373
1500, 1500, 1500, 1500, 1200, 1200, 1200, 1200, 0.269670, 0.451704, 0.083835, 0.002373
1500, 1500, 1500, 1500, 1200, 1200, 1200, 1200, 0.269670, 0.456896, 0.082620, 0.002370
1500, 1500, 1500, 1500, 1200, 1200, 1200, 1200, 0.269670, 0.501028, 0.083835, 0.002373
1500, 1500, 1500, 1500, 1200, 1200, 1200, 1200, 0.270680, 0.898730, 0.084910, 0.002370
1500, 1500, 1500, 1500, 1200, 1200, 1200, 1200, 0.270680, 0.902615, 0.084910, 0.002370
1500, 1500, 1500, 1500, 1200, 1200, 1200, 1200, 0.270680, 0.902615, 0.084910, 0.002370
1500, 1500, 1500, 1500, 1200, 2000, 2000, 2000, 0.271690, 0.903910, 0.083697, 0.003164
1500, 1500, 1500, 1500, 2000, 2000, 2000, 2000, 0.271690, 0.379600, 0.094770, 0.002373
1000, 1000, 1000, 1000, 2000, 2000, 2000, 2000, 0.269937, 0.081750, 0.083835, 0.002373
1500, 1500, 1500, 1500, 2000, 2000, 2000, 2000, 0.269670, 0.467280, 0.095985, 0.002373
1500, 1500, 1500, 1500, 1200, 1200, 1200, 1200, 0.270680, 0.469876, 0.094770, 0.002373
1500, 1500, 1500, 1500, 1200, 1200, 1200, 1200, 0.270680, 0.477664, 0.108224, 0.002373
1000, 1000, 1000, 1000, 1200, 1200, 1200, 1200, 0.270680, 0.471174, 0.097200, 0.002373
1000, 1000, 1000, 1000, 1200, 1200, 1200, 1200, 0.358020, 0.080660, 0.085050, 0.002373
1000, 1000, 1000, 1000, 1200, 1200, 1200, 1200, 0.268926, 0.079570, 0.083835, 0.002373
1000, 1000, 1000, 1000, 1200, 1200, 1200, 1200, 0.267650, 0.078480, 0.082620, 0.002373
1000, 1000, 1000, 1000, 1200, 1200, 1200, 1200, 0.547261, 0.079570, 0.085050, 0.002373
1000, 1000, 1000, 1000, 1200, 1200, 1200, 1200, 0.474045, 0.085020, 0.089910, 0.002370
1000, 1000, 1000, 1000, 1200, 1200, 1200, 1200, 0.505818, 0.082840, 0.085050, 0.002373
1000, 1000, 1000, 1000, 1200, 1200, 1200, 1200, 0.361200, 0.080660, 0.085050, 0.002370
1500, 1500, 1500, 1500, 1200, 1200, 1200, 1200, 0.488410, 0.467280, 0.094770, 0.002373
1500, 1500, 1500, 1500, 1200, 1200, 1200, 1200, 0.506920, 0.468578, 0.095985, 0.002370
1500, 1500, 1500, 1500, 1200, 1200, 1200, 1200, 0.468520, 0.471174, 0.097200, 0.002373
1000, 1000, 1000, 1000, 1200, 1200, 1200, 1200, 0.268660, 0.080660, 0.082620, 0.002373
1000, 1000, 1000, 1000, 1200, 1200, 1200, 1200, 0.461319, 0.085020, 0.085050, 0.002373
1000, 1000, 1000, 1000, 1200, 1200, 1200, 1200, 0.480675, 0.081750, 0.082620, 0.002373
1000, 1000, 1000, 1000, 1200, 1200, 1200, 1200, 0.501410, 0.082840, 0.083835, 0.002373
1500, 1500, 1500, 1500, 2000, 2000, 2000, 2000, 0.434420, 0.307692, 0.094770, 0.045878
1000, 1000, 1000, 1000, 1200, 1200, 1200, 1200, 0.435996, 0.151900, 0.189852, 0.183371
1000, 1000, 1000, 1000, 1200, 1200, 1200, 1200, 0.314568, 0.114586, 0.150060, 0.263980
1000, 1000, 1000, 1000, 1200, 1200, 1200, 1200, 0.274720, 0.103488, 0.137973, 0.362480
1000, 1000, 1000, 1000, 1200, 1200, 1200, 1200, 0.283080, 0.128639, 0.159820, 0.245544
1000, 1000, 1000, 1000, 1200, 1200, 1200, 1200, 0.273981, 0.166005, 0.194720, 0.180223
1000, 1000, 1000, 1000, 1200, 1200, 1200, 1200, 0.385892, 0.182784, 0.205673, 0.157400
1000, 1000, 1000, 1000, 1200, 1200, 1200, 1200, 0.275730, 0.162900, 0.185136, 0.292348
1000, 1000, 1000, 1000, 1200, 1200, 1200, 1200, 0.276003, 0.127676, 0.200805, 0.346720
1000, 1000, 1000, 1000, 1200, 1200, 1200, 1200, 0.273981, 0.104760, 0.174174, 0.220360
1000, 1000, 1000, 1000, 1200, 1200, 1200, 1200, 0.605800, 0.196470, 0.218022, 0.741972
1000, 1000, 1000, 1000, 1200, 1200, 1200, 1200, 0.659729, 0.199272, 0.219060, 1.013905
1000, 1000, 1000, 1000, 1200, 1200, 1200, 1200, 0.493041, 0.187186, 0.195937, 1.147235
1000, 1000, 1000, 1000, 1200, 1200, 1200, 1200, 0.528032, 0.164934, 0.186201, 1.082560
1000, 1000, 1000, 1000, 1200, 1200, 1200, 1200, 0.531288, 0.148488, 0.191069, 1.189025
1000, 1000, 1000, 1000, 1200, 1200, 1200, 1200, 0.654957, 0.155875, 0.204456, 1.164150
1000, 1000, 1000, 1000, 1200, 1200, 1200, 1200, 0.276740, 0.199985, 0.236098, 1.165145
1000, 1000, 1000, 1000, 1200, 1200, 1200, 1200, 0.277750, 0.180360, 0.237315, 1.162160
1000, 1000, 1000, 1000, 1200, 1200, 1200, 1200, 0.278760, 0.196742, 0.216626, 1.301460
1000, 1000, 1000, 1000, 1200, 1200, 1200, 1200, 0.277750, 0.176040, 0.202022, 1.254695
1000, 1000, 1000, 1000, 1200, 1200, 1200, 1200, 0.276740, 0.154944, 0.197154, 1.242755
1000, 1000, 1000, 1000, 1200, 1200, 1200, 1200, 0.276192, 0.162476, 0.225145, 1.294495
1000, 1000, 1000, 1000, 1200, 1200, 1200, 1200, 0.276740, 0.177540, 0.232447, 1.186040
1000, 1000, 1000, 1000, 1200, 1200, 1200, 1200, 0.273710, 0.104448, 0.094770, 0.126080
1500, 1500, 1500, 1500, 2000, 2000, 2000, 2000, 0.340370, 0.348558, 0.243600, 0.123402
1500, 1500, 1500, 1500, 2000, 2000, 2000, 2000, 0.585832, 0.411466, 0.169302, 0.286832
1500, 1500, 1500, 1500, 2000, 2000, 2000, 2000, 1.519389, 0.171797, 0.126568, 0.135536
1000, 1000, 1000, 1000, 2000, 2000, 2000, 2000, 1.653675, 0.101091, 0.151032, 0.453460
1000, 1000, 1000, 1000, 1200, 1200, 1200, 1200, 0.291890, 0.232000, 0.377580, 2.661120
1000, 1000, 1000, 1000, 1200, 1200, 1200, 1200, 0.376431, 0.174474, 0.362964, 2.584969
1000, 1000, 1000, 1000, 1200, 1200, 1200, 1200, 0.345098, 0.184167, 0.364182, 2.615179
1100, 1500, 1500, 1500, 1200, 1200, 1200, 1200, 0.546801, 0.271426, 0.355656, 2.622228
1000, 1000, 1000, 1000, 1200, 1200, 1200, 1200, 0.661440, 0.152562, 0.373926, 2.628864
1500, 1500, 1500, 1500, 1400, 1400, 1400, 1400, 1.131678, 0.178530, 0.397720, 2.671571
1500, 1500, 1500, 1500, 1500, 1600, 1600, 1600, 1.045798, 0.371531, 0.382452, 2.733060
1000, 1000, 1000, 1000, 1600, 1600, 1600, 1600, 0.921012, 0.178530, 0.380016, 2.797200
1000, 1000, 1000, 1000, 1600, 1600, 1600, 1600, 0.979678, 0.180694, 0.384300, 2.695392
1000, 1000, 1000, 1000, 1600, 1600, 1600, 1600, 1.089764, 0.190080, 0.406593, 2.648410
1000, 1000, 1000, 1000, 1600, 1600, 1600, 1600, 1.123957, 0.185760, 0.404813, 2.318535
1000, 1000, 1000, 1000, 1200, 1200, 1200, 1200, 0.433440, 0.183260, 0.408700, 2.458668
1000, 1000, 1000, 1000, 1200, 1200, 1200, 1200, 0.292900, 0.180936, 0.412698, 2.638944
1000, 1000, 1000, 1000, 1200, 1200, 1200, 1200, 0.291890, 0.193680, 0.464360, 2.585520
1000, 1000, 1000, 1000, 1200, 1200, 1200, 1200, 0.290880, 0.194756, 0.475747, 2.567850
1000, 1000, 1000, 1000, 1200, 1200, 1200, 1200, 0.290880, 0.189376, 0.464360, 2.607123
1000, 1000, 1000, 1000, 1200, 1600, 1600, 1600, 0.289870, 0.185244, 0.441142, 2.646396
1100, 1100, 1100, 1100, 1600, 1600, 1600, 1600, 0.289870, 0.191975, 0.428571, 2.640354
1000, 1000, 1000, 1000, 1600, 1600, 1600, 1600, 0.288860, 0.181195, 0.428571, 2.619792
1100, 1100, 1100, 1100, 1200, 1200, 1200, 1200, 0.289870, 0.187398, 0.433455, 2.574899
1000, 1000, 1000, 1000, 1300, 1300, 1300, 1300, 0.879396, 0.170031, 0.443586, 2.592576
1000, 1000, 1000, 1000, 1600, 1600, 1600, 1600, 0.750122, 0.173120, 0.448107, 2.621808
1000, 1000, 1000, 1000, 1600, 1600, 1600, 1600, 0.980100, 0.175284, 0.444808, 2.614752
1000, 1000, 1000, 1000, 1400, 1400, 1400, 1400, 0.846906, 0.168792, 0.413919, 2.648016
1000, 1000, 1000, 1000, 1400, 1400, 1400, 1400, 0.786900, 0.171114, 0.426129, 2.679530
1000, 1000, 1000, 1000, 1300, 1300, 1300, 1300, 0.659295, 0.169874, 0.425780, 2.705790
1000, 1000, 1000, 1000, 1300, 1300, 1300, 1300, 0.569306, 0.166628, 0.418460, 2.750230
1000, 1000, 1000, 1000, 1400, 1400, 1400, 1400, 0.677160, 0.164616, 0.407814, 2.711520
1000, 1000, 1000, 1000, 1400, 1400, 1400, 1400, 0.691790, 0.164464, 0.424560, 2.724624
1000, 1000, 1000, 1000, 1300, 1300, 1300, 1300, 0.686294, 0.164464, 0.439560, 2.695690
1000, 1000, 1000, 1000, 1400, 1400, 1400, 1400, 0.668200, 0.176366, 0.448474, 2.699424
1000, 1000, 1000, 1000, 1600, 1600, 1600, 1600, 1.047051, 0.192418, 0.479416, 2.598624
1000, 1000, 1000, 1000, 1600, 1600, 1600, 1600, 1.065498, 0.180527, 0.445172, 1.979010
1000, 1000, 1000, 1000, 1600, 1600, 1600, 1600, 1.076272, 0.191337, 0.427525, 1.710284
1000, 1000, 1000, 1000, 1600, 1600, 1600, 1600, 1.085586, 0.186840, 0.400575, 2.320942
1000, 1000, 1000, 1000, 2000, 2000, 2000, 2000, 1.074322, 0.175122, 0.392583, 1.440758
1000, 1000, 1000, 1000, 1600, 1600, 1600, 1600, 1.067704, 0.180694, 0.405475, 1.348944
1000, 1000, 1000, 1000, 2000, 2000, 2000, 2000, 1.181600, 0.187013, 0.391360, 1.324918
1000, 1000, 1000, 1000, 1600, 1600, 1600, 1600, 1.272284, 0.185022, 0.394450, 1.383466
1000, 1000, 1000, 1000, 1600, 1600, 1600, 1600, 1.182006, 0.172960, 0.407925, 1.323510
1000, 1000, 1000, 1000, 1700, 1700, 1700, 1700, 1.131520, 0.183940, 0.410375, 1.294650
1000, 1000, 1000, 1000, 1600, 1600, 1600, 1600, 1.985841, 0.198006, 0.395675, 1.122940
1000, 1000, 1000, 1000, 1800, 1800, 1800, 1800, 1.406532, 0.192418, 0.380060, 1.191400
1000, 1000, 1000, 1000, 1600, 1600, 1600, 1600, 1.451944, 0.198006, 0.394772, 1.096452
1500, 1500, 1500, 1500, 2000, 2000, 2000, 2000, 1.744680, 0.194760, 0.404580, 1.107720
1000, 1000, 1000, 1000, 1200, 1200, 1200, 1200, 0.693133, 0.183150, 0.114492, 0.022823
1000, 1000, 1000, 1000, 1200, 1200, 1200, 1200, 0.490620, 0.156310, 0.121700, 0.280602
1500, 1500, 1500, 1500, 1200, 1200, 1200, 1200, 0.527820, 0.165550, 0.152250, 0.255450
1000, 1000, 1000, 1000, 1200, 1200, 1200, 1200, 0.277014, 0.090470, 0.083835, 0.003164
1000, 1000, 1000, 1000, 1200, 1200, 1200, 1200, 0.272970, 0.093740, 0.089984, 0.003164
1000, 1000, 1000, 1000, 1200, 1200, 1200, 1200, 0.271959, 0.082840, 0.082620, 0.002373
1000, 1000, 1000, 1000, 1200, 1200, 1200, 1200, 0.269937, 0.080660, 0.085050, 0.002373
1000, 1000, 1000, 1000, 1200, 1200, 1200, 1200, 0.293132, 0.080660, 0.085050, 0.002373
1000, 1000, 1000, 1000, 1200, 1200, 1200, 1200, 0.268926, 0.079570, 0.085050, 0.002373
1000, 1000, 1000, 1000, 1200, 1200, 1200, 1200, 0.267915, 0.078480, 0.083835, 0.002373
1000, 1000, 1000, 1000, 1200, 1200, 1200, 1200, 0.266904, 0.077390, 0.082620, 0.002373
1000, 1000, 1000, 1000, 1200, 1200, 1200, 1200, 0.266904, 0.077390, 0.082620, 0.002373
1000, 1000, 1000, 1000, 1200, 1200, 1200, 1200, 0.265893, 0.077390, 0.085050, 0.002373
1000, 1000, 1000, 1000, 1200, 1200, 1200, 1200, 0.264620, 0.077390, 0.082620, 0.002373
1000, 1000, 1000, 1000, 1200, 1200, 1200, 1200, 0.264882, 0.076300, 0.085050, 0.002373
1000, 1000, 1000, 1000, 1200, 1200, 1200, 1200, 0.263871, 0.076300, 0.085050, 0.002373
1000, 1000, 1000, 1000, 2000, 2000, 2000, 2000, 0.265893, 0.075210, 0.085050, 0.002373
1000, 1000, 1000, 1000, 1200, 1200, 1200, 1200, 0.263871, 0.076300, 0.083835, 0.002370
1000, 1000, 1000, 1000, 1200, 1200, 1200, 1200, 0.264882, 0.076300, 0.086265, 0.002373
1000, 1000, 1000, 1000, 1200, 1200, 1200, 1200, 0.360018, 0.077390, 0.086265, 0.002373
1000, 1000, 1000, 1000, 1200, 1200, 1200, 1200, 0.494798, 0.079570, 0.087480, 0.002373
1000, 1000, 1000, 1000, 1200, 1200, 1200, 1200, 0.600264, 0.077390, 0.086265, 0.002373
1000, 1000, 1000, 1000, 1200, 1200, 1200, 1200, 0.660602, 0.076300, 0.087480, 0.002373
1000, 1000, 1000, 1000, 1200, 1200, 1200, 1200, 0.420980, 0.077390, 0.083835, 0.002370
1000, 1000, 1000, 1000, 1200, 1200, 1200, 1200, 0.436974, 0.077390, 0.085050, 0.002370
1000, 1000, 1000, 1000, 1200, 1200, 1200, 1200, 0.569244, 0.077390, 0.082620, 0.002373
1000, 1000, 1000, 1000, 1200, 1200, 1200, 1200, 0.454155, 0.077390, 0.085050, 0.002373
1000, 1000, 1000, 1000, 1200, 1200, 1200, 1200, 0.637392, 0.076300, 0.086265, 0.002373
1000, 1000, 1000, 1000, 1200, 1200, 1200, 1200, 0.502740, 0.076300, 0.085050, 0.002373
1000, 1000, 1000, 1000, 1200, 1200, 1200, 1200, 0.266904, 0.076300, 0.083835, 0.002373
1000, 1000, 1000, 1000, 1200, 1200, 1200, 1200, 0.273981, 0.077390, 0.086265, 0.002373
1000, 1000, 1000, 1000, 1200, 1200, 1200, 1200, 0.265893, 0.076300, 0.083835, 0.002373
1000, 1000, 1000, 1000, 1200, 1200, 1200, 1200, 0.265893, 0.077390, 0.083835, 0.002373
1000, 1000, 1000, 1000, 1200, 1200, 1200, 1200, 0.436392, 0.076300, 0.082620, 0.002370
1000, 1000, 1000, 1000, 1200, 1200, 1200, 1200, 0.325520, 0.077390, 0.085050, 0.002373
1000, 1000, 1000, 1000, 1200, 1200, 1200, 1200, 0.265893, 0.077390, 0.086265, 0.002373
1000, 1000, 1000, 1000, 1200, 1200, 1200, 1200, 0.265893, 0.077390, 0.086265, 0.002373
1000, 1000, 1000, 1000, 1200, 1200, 1200, 1200, 0.265893, 0.076300, 0.085050, 0.002373
1000, 1000, 1000, 1000, 1200, 1200, 1200, 1200, 0.265893, 0.076300, 0.082620, 0.002373
1000, 1000, 1000, 1000, 1200, 1200, 1200, 1200, 0.265893, 0.076300, 0.083835, 0.002373
1000, 1000, 1000, 1000, 1200, 1200, 1200, 1200, 0.264620, 0.077390, 0.082620, 0.002373
1000, 1000, 1000, 1000, 1200, 1200, 1200, 1200, 0.264882, 0.077390, 0.083835, 0.002373
1000, 1000, 1000, 1000, 2000, 2000, 2000, 2000, 0.264882, 0.076300, 0.085050, 0.002373
1000, 1000, 1000, 1000, 2000, 2000, 2000, 2000, 0.264882, 0.076300, 0.086265, 0.002373
1000, 1000, 1000, 1000, 2000, 2000, 2000, 2000, 0.265893, 0.077390, 0.086265, 0.002373
1000, 1000, 1000, 1000, 2000, 2000, 2000, 2000, 0.265893, 0.077390, 0.085050, 0.002373
1000, 1000, 1000, 1000, 1200, 1200, 1200, 1200, 0.266904, 0.126594, 0.126568, 0.074860
1000, 1000, 1000, 1000, 1200, 1200, 1200, 1200, 0.265893, 0.078336, 0.087480, 0.030849
1000, 1000, 1000, 1000, 1200, 1200, 1200, 1200, 0.269937, 0.120736, 0.143606, 0.197000
1000, 1000, 1000, 1000, 1200, 1200, 1200, 1200, 0.324848, 0.147560, 0.099712, 0.006328
1000, 1000, 1000, 1000, 1200, 1200, 1200, 1200, 0.267650, 0.087966, 0.115520, 0.034013
1000, 1000, 1000, 1000, 1200, 1200, 1200, 1200, 0.269937, 0.122605, 0.130112, 0.021357
1000, 1000, 1000, 1000, 1200, 1200, 1200, 1200, 0.465205, 0.080660, 0.111872, 0.018170
1000, 1000, 1000, 1000, 1200, 1200, 1200, 1200, 0.509124, 0.080512, 0.107008, 0.037920
1000, 1000, 1000, 1000, 1200, 1200, 1200, 1200, 0.364356, 0.099452, 0.167946, 0.238944
1000, 1000, 1000, 1000, 1200, 1200, 1200, 1200, 0.267915, 0.078480, 0.086265, 0.002373
1000, 1000, 1000, 1000, 1200, 1200, 1200, 1200, 0.266904, 0.079570, 0.086265, 0.002373
1000, 1000, 1000, 1000, 1200, 1200, 1200, 1200, 0.266904, 0.078480, 0.086265, 0.002373
1000, 1000, 1000, 1000, 1200, 1200, 1200, 1200, 0.286440, 0.078480, 0.086265, 0.002373
