CPU0_FREQ, CPU1_FREQ, CPU2_FREQ, CPU3_FREQ, CPU4_FREQ, CPU5_FREQ, CPU6_FREQ, CPU7_FREQ, A15_W, A7_W, MEM_W, GPU_W
1000, 1000, 1000, 1000, 0, 0, 0, 0, 0.045540, 0.077390, 0.085050, 0.002373
1000, 1000, 1000, 1000, 0, 0, 0, 0, 0.045585, 0.133840, 0.083835, 0.002370
1000, 1000, 1000, 1000, 0, 0, 0, 0, 0.045540, 0.122153, 0.118049, 0.027650
1500, 1500, 1500, 1500, 0, 0, 0, 0, 0.045540, 0.092480, 0.105792, 0.050560
1000, 1000, 1000, 1000, 0, 0, 0, 0, 0.046552, 0.199985, 0.174174, 0.259252
1000, 1000, 1000, 1000, 0, 0, 0, 0, 0.047611, 0.206853, 0.189852, 0.162702
1000, 1000, 1000, 1000, 0, 0, 0, 0, 0.047564, 0.196742, 0.172956, 0.177862
1000, 1000, 1000, 1000, 0, 0, 0, 0, 0.047564, 0.152934, 0.146160, 0.206981
1000, 1000, 1000, 1000, 0, 0, 0, 0, 0.047564, 0.184680, 0.160644, 0.104538
1500, 1500, 1500, 1500, 0, 0, 0, 0, 0.048576, 0.438728, 0.102144, 0.006320
1500, 1500, 1500, 1500, 0, 0, 0, 0, 0.048576, 0.447200, 0.086265, 0.002370
1500, 1500, 1500, 1500, 0, 0, 0, 0, 0.047564, 0.417410, 0.124032, 0.025280
1500, 1500, 1500, 1500, 0, 0, 0, 0, 0.047564, 0.447200, 0.097200, 0.002370
1500, 1500, 1500, 1500, 0, 0, 0, 0, 0.047564, 0.468000, 0.116736, 0.022120
1500, 1500, 1500, 1500, 0, 0, 0, 0, 0.048576, 0.419900, 0.089910, 0.002370
1500, 1500, 1500, 1500, 0, 0, 0, 0, 0.047564, 0.417300, 0.088695, 0.002370
1500, 1500, 1500, 1500, 0, 0, 0, 0, 0.047564, 0.410800, 0.083835, 0.002370
1500, 1500, 1500, 1500, 0, 0, 0, 0, 0.048576, 0.422500, 0.086265, 0.002370
1500, 1500, 1500, 1500, 0, 0, 0, 0, 0.047564, 0.471174, 0.129002, 0.002370
1500, 1500, 1500, 1500, 0, 0, 0, 0, 0.048576, 0.429000, 0.129002, 0.002373
1500, 1500, 1500, 1500, 0, 0, 0, 0, 0.048576, 0.426400, 0.121600, 0.026894
1500, 1500, 1500, 1500, 0, 0, 0, 0, 0.048576, 0.416000, 0.117952, 0.002373
1500, 1500, 1500, 1500, 0, 0, 0, 0, 0.048576, 0.434200, 0.109440, 0.002370
1500, 1500, 1500, 1500, 0, 0, 0, 0, 0.048576, 0.464684, 0.127890, 0.127980
1500, 1500, 1500, 1500, 0, 0, 0, 0, 0.048576, 0.445900, 0.120483, 0.003160
1500, 1500, 1500, 1500, 0, 0, 0, 0, 0.048576, 0.448500, 0.120483, 0.002373
1500, 1500, 1500, 1500, 0, 0, 0, 0, 0.048576, 0.439400, 0.120483, 0.002370
1500, 1500, 1500, 1500, 0, 0, 0, 0, 0.048576, 0.421200, 0.132653, 0.027650
1500, 1500, 1500, 1500, 0, 0, 0, 0, 0.048576, 0.429000, 0.125351, 0.002370
1500, 1500, 1500, 1500, 0, 0, 0, 0, 0.048576, 0.405600, 0.121600, 0.002373
1500, 1500, 1500, 1500, 0, 0, 0, 0, 0.048576, 0.404300, 0.121600, 0.002370
1500, 1500, 1500, 1500, 0, 0, 0, 0, 0.048576, 0.406900, 0.120384, 0.002373
1500, 1500, 1500, 1500, 0, 0, 0, 0, 0.048576, 0.409500, 0.119168, 0.002373
1500, 1500, 1500, 1500, 0, 0, 0, 0, 0.048576, 0.408200, 0.127785, 0.011850
1500, 1500, 1500, 1500, 0, 0, 0, 0, 0.049588, 0.387400, 0.125351, 0.002370
1500, 1500, 1500, 1500, 0, 0, 0, 0, 0.048576, 0.336608, 0.126568, 0.026894
1500, 1500, 1500, 1500, 0, 0, 0, 0, 0.048576, 0.397800, 0.119168, 0.002373
1500, 1500, 1500, 1500, 0, 0, 0, 0, 0.048576, 0.373230, 0.119168, 0.002370
1500, 1500, 1500, 1500, 0, 0, 0, 0, 0.049588, 0.379665, 0.121600, 0.002373
1500, 1500, 1500, 1500, 0, 0, 0, 0, 0.048576, 0.403000, 0.122816, 0.002373
1500, 1500, 1500, 1500, 0, 0, 0, 0, 0.049588, 0.397800, 0.122816, 0.003164
1500, 1500, 1500, 1500, 0, 0, 0, 0, 0.049588, 0.645906, 0.131436, 0.018193
1500, 1500, 1500, 1500, 0, 0, 0, 0, 0.049588, 0.656282, 0.129002, 0.008690
1500, 1500, 1500, 1500, 0, 0, 0, 0, 0.049588, 0.658876, 0.129002, 0.032390
1500, 1500, 1500, 1500, 0, 0, 0, 0, 0.049588, 0.700380, 0.125351, 0.036340
1500, 1500, 1500, 1500, 0, 0, 0, 0, 0.050600, 0.686113, 0.126568, 0.040341
1500, 1500, 1500, 1500, 0, 0, 0, 0, 0.050600, 0.649797, 0.125351, 0.015800
1500, 1500, 1500, 1500, 0, 0, 0, 0, 0.050550, 0.634233, 0.127785, 0.013430
1500, 1500, 1500, 1500, 0, 0, 0, 0, 0.050600, 0.629045, 0.131436, 0.033970
1500, 1500, 1500, 1500, 0, 0, 0, 0, 0.050600, 0.645906, 0.129002, 0.011060
1500, 1500, 1500, 1500, 0, 0, 0, 0, 0.050600, 0.594484, 0.136304, 0.038710
1500, 1500, 1500, 1500, 0, 0, 0, 0, 0.050600, 0.529584, 0.138852, 0.058460
1500, 1500, 1500, 1500, 0, 0, 0, 0, 0.050600, 0.530882, 0.144823, 0.045030
1500, 1500, 1500, 1500, 0, 0, 0, 0, 0.050600, 0.546458, 0.152125, 0.061620
1500, 1500, 1500, 1500, 0, 0, 0, 0, 0.050600, 0.539968, 0.163078, 0.029230
1500, 1500, 1500, 1500, 0, 0, 0, 0, 0.050600, 0.550352, 0.161861, 0.045820
1500, 1500, 1500, 1500, 0, 0, 0, 0, 0.050600, 0.530882, 0.153342, 0.062410
1500, 1500, 1500, 1500, 0, 0, 0, 0, 0.050600, 0.554246, 0.146160, 0.048190
1500, 1500, 1500, 1500, 0, 0, 0, 0, 0.050600, 0.552948, 0.139955, 0.033970
1500, 1500, 1500, 1500, 0, 0, 0, 0, 0.050600, 0.560736, 0.149814, 0.065653
1500, 1500, 1500, 1500, 0, 0, 0, 0, 0.050600, 0.449108, 0.138738, 0.021330
1500, 1500, 1500, 1500, 0, 0, 0, 0, 0.050600, 0.360383, 0.131436, 0.049042
1500, 1500, 1500, 1500, 0, 0, 0, 0, 0.049588, 0.387504, 0.135087, 0.048980
1500, 1500, 1500, 1500, 0, 0, 0, 0, 0.049588, 0.438100, 0.135087, 0.034760
1500, 1500, 1500, 1500, 0, 0, 0, 0, 0.049588, 0.447200, 0.139955, 0.036340
1500, 1500, 1500, 1500, 0, 0, 0, 0, 0.049588, 0.430300, 0.137408, 0.060040
1500, 1500, 1500, 1500, 0, 0, 0, 0, 0.048528, 0.388800, 0.131436, 0.037920
1500, 1500, 1500, 1500, 0, 0, 0, 0, 0.048576, 0.393900, 0.133870, 0.040290
1500, 1500, 1500, 1500, 0, 0, 0, 0, 0.048576, 0.403000, 0.130219, 0.057670
1500, 1500, 1500, 1500, 0, 0, 0, 0, 0.048576, 0.421200, 0.137408, 0.060830
1500, 1500, 1500, 1500, 0, 0, 0, 0, 0.047564, 0.414411, 0.131436, 0.039500
1500, 1500, 1500, 1500, 0, 0, 0, 0, 0.047564, 0.431600, 0.136304, 0.049770
1000, 1000, 1000, 1500, 0, 0, 0, 0, 0.047564, 0.399100, 0.132653, 0.065570
1500, 1500, 1500, 1500, 0, 0, 0, 0, 0.047564, 0.371520, 0.136304, 0.041870
1500, 1500, 1500, 1500, 0, 0, 0, 0, 0.047564, 0.421200, 0.149568, 0.044240
1500, 1500, 1500, 1500, 0, 0, 0, 0, 0.047564, 0.417300, 0.137521, 0.084530
1500, 1500, 1500, 1500, 0, 0, 0, 0, 0.047564, 0.417300, 0.127785, 0.052930
1500, 1500, 1500, 1500, 0, 0, 0, 0, 0.048528, 0.529584, 0.283272, 0.918528
1500, 1500, 1500, 1500, 0, 0, 0, 0, 0.050550, 0.488670, 0.318681, 1.373085
1500, 1500, 1500, 1500, 0, 0, 0, 0, 0.052572, 0.553819, 0.318681, 1.560240
1500, 1500, 1500, 1500, 0, 0, 0, 0, 0.054594, 0.505134, 0.322080, 1.469424
1500, 1500, 1500, 1500, 0, 0, 0, 0, 0.055605, 0.562419, 0.328180, 1.567108
1500, 1500, 1500, 1500, 0, 0, 0, 0, 0.055605, 0.603936, 0.323565, 1.659140
1500, 1500, 1500, 1500, 0, 0, 0, 0, 0.056616, 0.543491, 0.318420, 1.592804
1500, 1500, 1500, 1500, 0, 0, 0, 0, 0.056616, 0.566154, 0.324786, 1.546097
1500, 1500, 1500, 1500, 0, 0, 0, 0, 0.057684, 0.574571, 0.319902, 1.392495
1500, 1500, 1500, 1500, 0, 0, 0, 0, 0.057684, 0.608293, 0.328180, 1.403864
1500, 1500, 1500, 1500, 0, 0, 0, 0, 0.055660, 0.358776, 0.249084, 0.804852
1500, 1500, 1500, 1500, 0, 0, 0, 0, 0.054648, 0.288148, 0.254980, 0.827875
1000, 1000, 1000, 1000, 0, 0, 0, 0, 0.054648, 0.370880, 0.267180, 0.989870
1500, 1500, 1500, 1500, 0, 0, 0, 0, 0.053636, 0.326709, 0.262515, 0.872200
1500, 1500, 1500, 1500, 0, 0, 0, 0, 0.053636, 0.333735, 0.267399, 0.862488
1500, 1500, 1500, 1500, 0, 0, 0, 0, 0.053636, 0.313547, 0.283272, 1.107225
1100, 1100, 1100, 1100, 0, 0, 0, 0, 0.053636, 0.380608, 0.274725, 1.062373
1500, 1500, 1500, 1500, 0, 0, 0, 0, 0.053636, 0.390744, 0.280830, 1.171512
1000, 1000, 1000, 1000, 0, 0, 0, 0, 0.053636, 0.369908, 0.272060, 1.006480
1000, 1000, 1000, 1000, 0, 0, 0, 0, 0.053636, 0.387200, 0.278388, 1.180416
1500, 1500, 1500, 1500, 0, 0, 0, 0, 0.053636, 0.309690, 0.283272, 1.089543
1500, 1500, 1500, 1500, 0, 0, 0, 0, 0.052624, 0.513612, 0.127680, 0.094500
1500, 1500, 1500, 1500, 0, 0, 0, 0, 0.050600, 0.412764, 0.220458, 0.206718
1500, 1500, 1500, 1500, 0, 0, 0, 0, 0.050600, 0.380314, 0.236292, 0.246490
1500, 1500, 1500, 1500, 0, 0, 0, 0, 0.049588, 0.200367, 0.221676, 0.308112
1000, 1000, 1000, 1000, 0, 0, 0, 0, 0.049588, 0.402255, 0.189255, 0.331692
1000, 1000, 1000, 1000, 0, 0, 0, 0, 0.048576, 0.229424, 0.185592, 0.302208
1000, 1000, 1000, 1000, 0, 0, 0, 0, 0.047564, 0.201835, 0.194139, 0.251200
1000, 1000, 1000, 1000, 0, 0, 0, 0, 0.047564, 0.170166, 0.216804, 0.226865
1000, 1000, 1000, 1000, 0, 0, 0, 0, 0.046552, 0.210330, 0.238728, 0.322260
1500, 1500, 1500, 1500, 0, 0, 0, 0, 0.046552, 0.176366, 0.225330, 0.220585
1500, 1500, 1500, 1500, 0, 0, 0, 0, 0.046552, 0.297057, 0.180264, 0.104016
1500, 1500, 1500, 1500, 0, 0, 0, 0, 0.046552, 0.440700, 0.175680, 0.268812
1500, 1500, 1500, 1500, 0, 0, 0, 0, 0.046552, 0.432900, 0.155776, 0.193060
1500, 1500, 1500, 1500, 0, 0, 0, 0, 0.046552, 0.417300, 0.169163, 0.126707
1500, 1500, 1500, 1500, 0, 0, 0, 0, 0.046552, 0.394975, 0.155776, 0.102440
1500, 1500, 1500, 1500, 0, 0, 0, 0, 0.045540, 0.421850, 0.161861, 0.138250
1500, 1500, 1500, 1500, 0, 0, 0, 0, 0.045540, 0.384800, 0.157122, 0.189908
1500, 1500, 1500, 1500, 0, 0, 0, 0, 0.046552, 0.419900, 0.151032, 0.105458
1500, 1500, 1500, 1500, 0, 0, 0, 0, 0.046552, 0.435500, 0.141288, 0.106245
1500, 1500, 1500, 1500, 0, 0, 0, 0, 0.046552, 0.445900, 0.136416, 0.141410
1000, 1000, 1000, 1000, 0, 0, 0, 0, 0.045540, 0.440568, 0.170520, 0.241128
1000, 1000, 1000, 1000, 0, 0, 0, 0, 0.045540, 0.169874, 0.175248, 0.270284
1000, 1000, 1000, 1000, 0, 0, 0, 0, 0.045540, 0.149842, 0.187418, 0.133620
1000, 1000, 1000, 1000, 0, 0, 0, 0, 0.045540, 0.140956, 0.189852, 0.110826
1000, 1000, 1000, 1000, 0, 0, 0, 0, 0.045540, 0.159396, 0.143724, 0.205668
1000, 1000, 1000, 1000, 0, 0, 0, 0, 0.044528, 0.185416, 0.166729, 0.101394
1000, 1000, 1000, 1000, 0, 0, 0, 0, 0.045540, 0.201438, 0.154686, 0.200152
1000, 1000, 1000, 1000, 0, 0, 0, 0, 0.044528, 0.187186, 0.181333, 0.242704
1000, 1000, 1000, 1000, 0, 0, 0, 0, 0.045540, 0.152421, 0.193503, 0.137725
1000, 1000, 1000, 1000, 0, 0, 0, 0, 0.045540, 0.131394, 0.186201, 0.166844
1000, 1000, 1000, 1000, 0, 0, 0, 0, 0.044528, 0.138933, 0.158340, 0.116328
1000, 1000, 1000, 1000, 0, 0, 0, 0, 0.045540, 0.167090, 0.144942, 0.205668
1000, 1000, 1000, 1000, 0, 0, 0, 0, 0.044528, 0.192596, 0.189852, 0.111612
1000, 1000, 1000, 1000, 0, 0, 0, 0, 0.045540, 0.145122, 0.183767, 0.139299
1000, 1000, 1000, 1000, 0, 0, 0, 0, 0.045540, 0.164464, 0.166866, 0.246644
1000, 1000, 1000, 1000, 0, 0, 0, 0, 0.045540, 0.134750, 0.187418, 0.185732
1000, 1000, 1000, 1000, 0, 0, 0, 0, 0.045540, 0.126968, 0.155904, 0.102966
1000, 1000, 1000, 1000, 0, 0, 0, 0, 0.045540, 0.152934, 0.144942, 0.121830
1000, 1000, 1000, 1000, 0, 0, 0, 0, 0.045540, 0.191337, 0.153468, 0.159761
1000, 1000, 1000, 1000, 0, 0, 0, 0, 0.045540, 0.201810, 0.170380, 0.257676
1000, 1000, 1000, 1000, 0, 0, 0, 0, 0.045540, 0.183940, 0.178899, 0.114756
1000, 1000, 1000, 1000, 0, 0, 0, 0, 0.045540, 0.142032, 0.149814, 0.204880
1000, 1000, 1000, 1000, 0, 0, 0, 0, 0.045540, 0.129240, 0.149814, 0.214336
1000, 1000, 1000, 1000, 0, 0, 0, 0, 0.046552, 0.138933, 0.146160, 0.118837
1000, 1000, 1000, 1000, 0, 0, 0, 0, 0.045540, 0.174960, 0.147378, 0.143234
1000, 1000, 1000, 1000, 0, 0, 0, 0, 0.046552, 0.196023, 0.171597, 0.137725
1000, 1000, 1000, 1000, 0, 0, 0, 0, 0.045540, 0.189525, 0.192286, 0.229308
1000, 1000, 1000, 1000, 0, 0, 0, 0, 0.046552, 0.155808, 0.191069, 0.203304
1000, 1000, 1000, 1000, 0, 0, 0, 0, 0.046552, 0.135000, 0.172814, 0.168418
1000, 1000, 1000, 1000, 0, 0, 0, 0, 0.046552, 0.183770, 0.159427, 0.250584
1000, 1000, 1000, 1000, 0, 0, 0, 0, 0.046552, 0.199272, 0.184984, 0.181797
