CPU0_FREQ, CPU1_FREQ, CPU2_FREQ, CPU3_FREQ, CPU4_FREQ, CPU5_FREQ, CPU6_FREQ, CPU7_FREQ, A15_W, A7_W, MEM_W, GPU_W
1000, 1000, 1000, 1000, 1200, 1200, 1200, 1200, 0.269937, 0.103872, 0.132653, 0.076734
1000, 1000, 1000, 1000, 1200, 1200, 1200, 1200, 0.269937, 0.133209, 0.148352, 0.299440
1000, 1000, 1000, 1000, 1200, 1200, 1200, 1200, 0.269670, 0.128163, 0.154432, 0.282533
1000, 1000, 1000, 1000, 1200, 1200, 1200, 1200, 0.269937, 0.143220, 0.153216, 0.098125
1000, 1000, 1000, 1000, 1200, 1200, 1200, 1200, 0.271690, 0.163050, 0.137521, 0.134235
1000, 1000, 1000, 1000, 1200, 1200, 1200, 1200, 0.283810, 0.275412, 0.126464, 0.082425
1000, 1000, 1000, 1000, 1200, 1200, 1200, 1200, 0.267915, 0.079570, 0.085050, 0.002370
1000, 1000, 1000, 1000, 1200, 1200, 1200, 1200, 0.269937, 0.079570, 0.093632, 0.127190
1000, 1000, 1000, 1000, 1200, 1200, 1200, 1200, 0.268926, 0.098553, 0.107008, 0.052729
1000, 1000, 1000, 1000, 1200, 1200, 1200, 1200, 0.268926, 0.103968, 0.141056, 0.058312
1000, 1000, 1000, 1000, 1200, 1200, 1200, 1200, 0.267915, 0.078480, 0.083835, 0.002370
1000, 1000, 1000, 1000, 1200, 1200, 1200, 1200, 0.267915, 0.077390, 0.085050, 0.002370
1000, 1000, 1000, 1000, 1200, 1200, 1200, 1200, 0.273981, 0.144704, 0.172956, 0.088032
1200, 1200, 1200, 1200, 1200, 1200, 1200, 1200, 0.478970, 0.275152, 0.111964, 0.047400
1000, 1000, 1000, 1000, 1200, 1200, 1200, 1200, 0.283810, 0.266844, 0.193503, 0.217999
1000, 1000, 1000, 1000, 1200, 1200, 1200, 1200, 0.278025, 0.133424, 0.177682, 0.141480
1000, 1000, 1000, 1000, 1200, 1200, 1200, 1200, 0.277014, 0.157242, 0.188635, 0.138336
1000, 1000, 1000, 1000, 1200, 1200, 1200, 1200, 0.277014, 0.200508, 0.192286, 0.188880
1000, 1000, 1000, 1000, 1200, 1200, 1200, 1200, 0.279036, 0.235876, 0.179046, 0.263192
1000, 1000, 1000, 1000, 1200, 1200, 1200, 1200, 0.279036, 0.198720, 0.143724, 0.102180
1000, 1000, 1000, 1000, 1200, 1200, 1200, 1200, 0.514577, 0.234036, 0.096064, 0.006320
1000, 1000, 1000, 1000, 1200, 1200, 1200, 1200, 0.902700, 0.080660, 0.085050, 0.002373
1000, 1000, 1000, 1000, 2000, 2000, 2000, 2000, 1.414840, 0.271122, 0.111872, 0.033222
1000, 1000, 1000, 1000, 2000, 2000, 2000, 2000, 2.769632, 0.085020, 0.105792, 0.003164
1000, 1000, 1000, 1000, 2000, 2000, 2000, 2000, 1.953672, 0.281120, 0.111872, 0.013430
1000, 1000, 1000, 1000, 2000, 2000, 2000, 2000, 2.772256, 0.090470, 0.091125, 0.003164
1000, 1000, 1000, 1000, 2000, 2000, 2000, 2000, 2.757824, 0.154187, 0.092340, 0.003164
1000, 1000, 1000, 1000, 2000, 2000, 2000, 2000, 2.774880, 0.088128, 0.085050, 0.003164
1000, 1000, 1000, 1000, 2000, 2000, 2000, 2000, 1.441083, 0.278081, 0.161172, 0.003955
1000, 1000, 1000, 1000, 2000, 2000, 2000, 2000, 2.660736, 0.093740, 0.167414, 0.003955
1000, 1000, 1000, 1000, 2000, 2000, 2000, 2000, 2.693536, 0.166315, 0.161172, 0.026894
1000, 1000, 1000, 1000, 2000, 2000, 2000, 2000, 2.709280, 0.093740, 0.163614, 0.003955
1000, 1000, 1000, 1000, 2000, 2000, 2000, 2000, 2.960815, 0.122952, 0.125454, 0.003955
1000, 1000, 1000, 1000, 2000, 2000, 2000, 2000, 3.047473, 0.093740, 0.132762, 0.003955
1500, 1500, 1500, 1500, 2000, 2000, 2000, 2000, 2.606944, 0.166100, 0.165920, 0.105860
1000, 1000, 1000, 1000, 2000, 2000, 2000, 2000, 2.688288, 0.094830, 0.142506, 0.003955
1000, 1000, 1000, 1000, 2000, 2000, 2000, 2000, 2.683040, 0.092650, 0.141288, 0.003955
1000, 1000, 1000, 1000, 2000, 2000, 2000, 2000, 2.036994, 0.100280, 0.147378, 0.003955
1000, 1000, 1000, 1000, 2000, 2000, 2000, 2000, 2.420106, 0.099190, 0.140070, 0.003955
1000, 1000, 1000, 1000, 2000, 2000, 2000, 2000, 2.491488, 0.093740, 0.131436, 0.003955
1000, 1000, 1000, 1000, 2000, 2000, 2000, 2000, 2.822950, 0.091560, 0.104576, 0.003955
1100, 1100, 1100, 1100, 2000, 2000, 2000, 2000, 2.834767, 0.090470, 0.104490, 0.003955
1000, 1000, 1000, 1000, 1200, 1200, 1200, 1200, 2.456814, 0.093740, 0.116736, 0.003955
1000, 1000, 1000, 1000, 2000, 2000, 2000, 2000, 2.371599, 0.093740, 0.130219, 0.003955
1500, 1500, 1500, 1500, 1800, 1800, 1800, 1800, 2.577141, 0.196680, 0.126464, 0.011865
1000, 1000, 1000, 1000, 2000, 2000, 2000, 2000, 2.639578, 0.191160, 0.125351, 0.024521
1500, 1500, 1500, 1500, 2000, 2000, 2000, 2000, 3.900225, 0.252552, 0.132653, 0.030849
1000, 1000, 1000, 1000, 2000, 2000, 2000, 2000, 3.706985, 0.213189, 0.124134, 0.045087
1500, 1500, 1500, 1500, 1800, 1800, 1800, 1800, 3.031268, 0.193481, 0.119266, 0.021357
1000, 1000, 1000, 1000, 1800, 1800, 1800, 1800, 3.683328, 0.232565, 0.129002, 0.023730
1100, 1500, 1500, 1500, 2000, 2000, 2000, 2000, 2.302254, 0.189864, 0.125351, 0.023730
1200, 1200, 1300, 1300, 2000, 2000, 2000, 2000, 3.443472, 0.217080, 0.126568, 0.028476
1500, 1500, 1500, 1500, 2000, 2000, 2000, 2000, 3.937472, 0.266858, 0.126568, 0.019775
1500, 1500, 1500, 1500, 2000, 2000, 2000, 2000, 2.560860, 0.142720, 0.132653, 0.011865
1000, 1000, 1000, 1000, 2000, 2000, 2000, 2000, 2.834767, 0.134168, 0.166866, 0.081370
1000, 1000, 1000, 1000, 2000, 2000, 2000, 2000, 2.610880, 0.140160, 0.149814, 0.075840
1000, 1000, 1000, 1000, 2000, 2000, 2000, 2000, 3.051712, 0.138496, 0.154940, 0.089270
1000, 1000, 1000, 1000, 2000, 2000, 2000, 2000, 3.025152, 0.148371, 0.163212, 0.058460
1000, 1000, 1000, 1000, 2000, 2000, 2000, 2000, 2.875470, 0.146475, 0.164430, 0.069520
1000, 1000, 1000, 1000, 2000, 2000, 2000, 2000, 2.842645, 0.203350, 0.141172, 0.068026
1000, 1000, 1000, 1000, 2000, 2000, 2000, 2000, 3.227354, 0.135250, 0.181780, 0.077420
1500, 1500, 1500, 1500, 2000, 2000, 2000, 2000, 3.093428, 0.129840, 0.183918, 0.055300
1000, 1000, 1000, 1000, 2000, 2000, 2000, 2000, 3.048786, 0.134168, 0.155904, 0.075936
1000, 1000, 1000, 1000, 2000, 2000, 2000, 2000, 1.320048, 0.395352, 0.131436, 0.003955
1500, 1500, 1500, 1500, 1300, 1300, 1300, 1300, 1.125772, 0.351819, 0.132544, 0.062489
1100, 1100, 1100, 1100, 2000, 2000, 2000, 2000, 1.063244, 0.384912, 0.135087, 0.071890
1500, 1500, 1500, 1500, 1700, 1700, 1700, 1700, 0.409144, 0.398660, 0.122917, 0.059250
1500, 1500, 1500, 1500, 1200, 1200, 1200, 1200, 0.381780, 0.386100, 0.126568, 0.022910
1000, 1000, 1000, 1000, 1200, 1200, 1200, 1200, 1.073272, 0.349700, 0.138738, 0.070310
1000, 1000, 1000, 1000, 2000, 2000, 2000, 2000, 1.489980, 0.323340, 0.129002, 0.056090
1500, 1500, 1500, 1500, 2000, 2000, 2000, 2000, 0.593009, 0.352067, 0.146040, 0.035550
1500, 1500, 1500, 1500, 1200, 1200, 1200, 1200, 0.865975, 0.330498, 0.144704, 0.026004
1500, 1500, 1500, 1500, 1800, 1800, 1800, 1800, 1.388278, 0.279984, 0.139955, 0.050560
1200, 1200, 1200, 1200, 2000, 2000, 2000, 2000, 1.425937, 0.360747, 0.135087, 0.073470
1500, 1500, 1500, 1500, 1200, 1200, 1200, 1200, 1.136678, 0.354888, 0.149691, 0.049770
1500, 1500, 1500, 1500, 1200, 1200, 1200, 1200, 0.450576, 0.319005, 0.133870, 0.048980
1500, 1500, 1500, 1500, 2000, 2000, 2000, 2000, 0.582540, 0.335923, 0.132653, 0.073470
1500, 1500, 1500, 1500, 1200, 1200, 1200, 1200, 0.414288, 0.226560, 0.136304, 0.049770
1500, 1500, 1500, 1500, 2000, 2000, 2000, 2000, 0.405010, 0.330200, 0.136304, 0.029156
1500, 1500, 1500, 1500, 1200, 1200, 1200, 1200, 0.902250, 0.279756, 0.125351, 0.037130
1300, 1300, 1300, 1300, 1200, 1200, 1200, 1200, 1.706670, 0.476366, 0.203740, 0.071100
1500, 1500, 1500, 1500, 1200, 1200, 1200, 1200, 0.346430, 0.504735, 0.322344, 1.430730
1500, 1500, 1500, 1500, 1200, 1200, 1200, 1200, 0.336330, 0.387822, 0.318681, 1.374030
1000, 1100, 1100, 1100, 1200, 1200, 1200, 1200, 0.292179, 0.312759, 0.311355, 1.477910
1500, 1500, 1500, 1500, 1200, 1200, 1200, 1200, 0.495910, 0.477036, 0.318681, 1.764464
1200, 1200, 1200, 1200, 1200, 1200, 1200, 1200, 0.286840, 0.451236, 0.319902, 1.738516
1100, 1100, 1100, 1100, 1200, 1200, 1200, 1200, 0.531216, 0.414846, 0.322344, 1.523466
1500, 1500, 1500, 1500, 1200, 1200, 1200, 1200, 0.293910, 0.516258, 0.307692, 1.683626
1500, 1500, 1500, 1500, 1200, 1200, 1200, 1200, 0.525200, 0.502254, 0.318681, 1.802388
1500, 1500, 1500, 1500, 1200, 1200, 1200, 1200, 0.507020, 0.529053, 0.333060, 1.754484
1500, 1500, 1500, 1500, 1200, 1200, 1200, 1200, 0.327240, 0.279790, 0.240537, 0.709514
1000, 1000, 1000, 1000, 1200, 1200, 1200, 1200, 0.279036, 0.363300, 0.252747, 0.895104
1500, 1500, 1500, 1500, 1200, 1200, 1200, 1200, 0.276003, 0.309358, 0.266178, 0.932590
1500, 1500, 1500, 1500, 1200, 1200, 1200, 1200, 0.276740, 0.331712, 0.289377, 0.994028
1500, 1500, 1500, 1500, 1200, 1200, 1200, 1200, 0.276003, 0.274536, 0.262515, 0.991760
1100, 1100, 1100, 1100, 1200, 1200, 1200, 1200, 0.277014, 0.385990, 0.263736, 0.993600
1500, 1500, 1500, 1500, 1200, 1200, 1200, 1200, 0.276003, 0.294522, 0.277167, 1.054080
1100, 1100, 1100, 1100, 1200, 1200, 1200, 1200, 0.276003, 0.396825, 0.267399, 1.085600
1100, 1100, 1100, 1100, 1200, 1200, 1200, 1200, 0.275730, 0.356109, 0.276940, 1.106256
1000, 1000, 1000, 1000, 1200, 1200, 1200, 1200, 0.276740, 0.387840, 0.267399, 1.023231
1000, 1000, 1000, 1000, 1200, 1200, 1200, 1200, 0.276003, 0.290304, 0.266178, 0.867996
1500, 1500, 1500, 1500, 1800, 1800, 1800, 1800, 1.066835, 0.395458, 0.244000, 0.864570
1500, 1500, 1500, 1500, 1200, 1200, 1200, 1200, 0.331280, 0.209280, 0.236292, 0.287908
1500, 1500, 1500, 1500, 1200, 1200, 1200, 1200, 0.279770, 0.450210, 0.250908, 0.365025
1000, 1000, 1000, 1000, 1200, 1200, 1200, 1200, 0.278025, 0.427042, 0.258852, 0.354820
1100, 1000, 1000, 1000, 1200, 1200, 1200, 1200, 0.276003, 0.175714, 0.183150, 0.245705
1000, 1000, 1000, 1000, 1200, 1200, 1200, 1200, 0.270680, 0.173397, 0.199023, 0.242565
1000, 1000, 1000, 1000, 1200, 1200, 1200, 1200, 0.270948, 0.252659, 0.222894, 0.337194
1000, 1000, 1000, 1000, 1200, 1200, 1200, 1200, 0.270680, 0.183288, 0.230202, 0.298680
1000, 1000, 1000, 1000, 1200, 1200, 1200, 1200, 0.271959, 0.200725, 0.225330, 0.219015
1100, 1100, 1100, 1100, 1200, 1200, 1200, 1200, 0.271959, 0.215424, 0.204960, 0.269255
1500, 1500, 1500, 1500, 1200, 1200, 1200, 1200, 0.386528, 0.158195, 0.201300, 0.338766
1500, 1500, 1500, 1500, 1200, 1200, 1200, 1200, 0.272970, 0.369504, 0.184220, 0.286525
1000, 1000, 1000, 1000, 2000, 2000, 2000, 2000, 1.218872, 0.142560, 0.179340, 0.298300
1000, 1000, 1000, 1000, 2000, 2000, 2000, 2000, 1.765880, 0.131285, 0.171738, 0.155628
1000, 1000, 1000, 1000, 2000, 2000, 2000, 2000, 2.033940, 0.144438, 0.188790, 0.203046
1000, 1000, 1000, 1000, 2000, 2000, 2000, 2000, 2.335730, 0.144438, 0.186354, 0.224295
1000, 1000, 1000, 1000, 2000, 2000, 2000, 2000, 1.988580, 0.142135, 0.175248, 0.172353
1000, 1000, 1000, 1000, 2000, 2000, 2000, 2000, 1.848204, 0.160876, 0.159558, 0.102966
1000, 1000, 1000, 1000, 2000, 2000, 2000, 2000, 1.695168, 0.145524, 0.137860, 0.250430
1000, 1000, 1000, 1000, 1800, 1800, 1800, 1800, 2.020860, 0.120102, 0.158600, 0.260828
1000, 1000, 1000, 1000, 1200, 1200, 1200, 1200, 0.285830, 0.178686, 0.154559, 0.234824
1000, 1000, 1000, 1000, 1200, 1200, 1200, 1200, 0.282069, 0.159100, 0.156993, 0.178649
1000, 1000, 1000, 1000, 1200, 1200, 1200, 1200, 0.282069, 0.180768, 0.171597, 0.119472
1000, 1000, 1000, 1000, 1200, 1200, 1200, 1200, 0.279036, 0.199430, 0.181333, 0.184158
1000, 1000, 1000, 1000, 1200, 1200, 1200, 1200, 0.277014, 0.201960, 0.181333, 0.226944
1000, 1000, 1000, 1000, 1200, 1200, 1200, 1200, 0.277014, 0.200508, 0.166729, 0.157200
1000, 1000, 1000, 1000, 1200, 1200, 1200, 1200, 0.277014, 0.193499, 0.153468, 0.126546
1000, 1000, 1000, 1000, 1200, 1200, 1200, 1200, 0.276003, 0.168636, 0.152125, 0.219573
1000, 1000, 1000, 1000, 1200, 1200, 1200, 1200, 0.273981, 0.141218, 0.142506, 0.118050
1000, 1000, 1000, 1000, 1200, 1200, 1200, 1200, 0.274992, 0.125892, 0.189852, 0.102966
1000, 1000, 1000, 1000, 1200, 1200, 1200, 1200, 0.274992, 0.200170, 0.189852, 0.150912
1000, 1000, 1000, 1000, 1200, 1200, 1200, 1200, 0.272700, 0.188268, 0.170380, 0.237976
1000, 1000, 1000, 1000, 1200, 1200, 1200, 1200, 0.272970, 0.157680, 0.142389, 0.168418
1000, 1000, 1000, 1000, 1200, 1200, 1200, 1200, 0.272970, 0.181944, 0.147378, 0.110826
1000, 1000, 1000, 1000, 1200, 1200, 1200, 1200, 0.273981, 0.151200, 0.160644, 0.192815
1000, 1000, 1000, 1000, 1200, 1200, 1200, 1200, 0.274992, 0.135702, 0.183767, 0.234824
1000, 1000, 1000, 1000, 1200, 1200, 1200, 1200, 0.273981, 0.137728, 0.186201, 0.162909
1000, 1000, 1000, 1000, 1200, 1200, 1200, 1200, 0.274992, 0.170166, 0.192128, 0.163488
1000, 1000, 1000, 1000, 1200, 1200, 1200, 1200, 0.272970, 0.193320, 0.188635, 0.101394
1000, 1000, 1000, 1000, 1200, 1200, 1200, 1200, 0.274992, 0.201252, 0.165512, 0.214336
