CPU0_FREQ, CPU1_FREQ, CPU2_FREQ, CPU3_FREQ, CPU4_FREQ, CPU5_FREQ, CPU6_FREQ, CPU7_FREQ, A15_W, A7_W, MEM_W, GPU_W
1000, 1000, 1000, 1000, 1200, 1200, 1200, 1200, 0.268926, 0.078480, 0.082620, 0.002370
1000, 1000, 1000, 1000, 1200, 1200, 1200, 1200, 0.268926, 0.079570, 0.082620, 0.002370
1000, 1000, 1000, 1000, 1200, 1200, 1200, 1200, 0.269937, 0.115328, 0.122715, 0.113760
1000, 1000, 1000, 1000, 1200, 1200, 1200, 1200, 0.269937, 0.091560, 0.108135, 0.025280
1000, 1000, 1000, 1000, 1200, 1200, 1200, 1200, 0.270948, 0.086110, 0.100928, 0.006320
1000, 1000, 1000, 1000, 1200, 1200, 1200, 1200, 0.270948, 0.088047, 0.104490, 0.014972
1000, 1000, 1000, 1000, 1200, 1200, 1200, 1200, 0.274992, 0.113400, 0.118049, 0.274920
1000, 1000, 1000, 1000, 1200, 1200, 1200, 1200, 0.270948, 0.112424, 0.103360, 0.163530
1000, 1000, 1000, 1000, 1200, 1200, 1200, 1200, 0.269670, 0.087200, 0.083835, 0.002370
1000, 1000, 1000, 1000, 1200, 1200, 1200, 1200, 0.272970, 0.269392, 0.210541, 0.227070
1000, 1000, 1000, 1000, 2000, 2000, 2000, 2000, 0.271959, 0.155100, 0.094770, 0.007110
1000, 1000, 1000, 1000, 1200, 1200, 1200, 1200, 1.171125, 0.087200, 0.085050, 0.007110
1000, 1000, 1000, 1000, 1700, 1700, 1700, 1700, 5.658405, 0.093568, 0.085050, 0.003164
1000, 1000, 1000, 1000, 1200, 1200, 1200, 1200, 3.538522, 0.116064, 0.086265, 0.003955
1000, 1000, 1000, 1000, 1200, 1200, 1200, 1200, 0.466241, 0.115128, 0.094848, 0.006320
1000, 1000, 1000, 1000, 1200, 1200, 1200, 1200, 0.764286, 0.086110, 0.087480, 0.003160
1000, 1000, 1000, 1000, 1200, 1200, 1200, 1200, 0.341380, 0.086110, 0.083835, 0.003160
1000, 1000, 1000, 1000, 2000, 2000, 2000, 2000, 6.959890, 0.093568, 0.130219, 0.003164
1000, 1000, 1000, 1000, 1500, 1500, 1500, 1500, 3.244780, 0.102272, 0.122917, 0.003955
1000, 1000, 1000, 1000, 1200, 1200, 1200, 1200, 3.210284, 0.099190, 0.122917, 0.003955
1000, 1000, 1000, 1000, 2000, 2000, 2000, 2000, 2.560896, 0.111302, 0.091125, 0.012656
1000, 1000, 1000, 1000, 2000, 2000, 2000, 2000, 2.793248, 0.091560, 0.082620, 0.003955
1000, 1000, 1000, 1000, 2000, 2000, 2000, 2000, 2.807194, 0.092650, 0.082620, 0.006328
1000, 1000, 1000, 1000, 2000, 2000, 2000, 2000, 2.808992, 0.093740, 0.082620, 0.003955
1000, 1000, 1000, 1000, 2000, 2000, 2000, 2000, 2.811133, 0.093740, 0.083835, 0.003955
1000, 1000, 1000, 1000, 2000, 2000, 2000, 2000, 2.813759, 0.092650, 0.083835, 0.003955
1000, 1000, 1000, 1000, 2000, 2000, 2000, 2000, 2.811616, 0.092650, 0.085050, 0.003955
1000, 1000, 1000, 1000, 2000, 2000, 2000, 2000, 2.808507, 0.092650, 0.085050, 0.003955
1000, 1000, 1000, 1000, 2000, 2000, 2000, 2000, 2.808507, 0.092650, 0.083835, 0.003955
1000, 1000, 1000, 1000, 1200, 1200, 1200, 1200, 1.585920, 0.099000, 0.083835, 0.003955
1000, 1000, 1000, 1000, 1700, 1700, 1700, 1700, 5.257645, 0.096832, 0.082620, 0.003955
1000, 1000, 1000, 1000, 1600, 1600, 1600, 1600, 4.527270, 0.100096, 0.086123, 0.003955
1000, 1000, 1000, 1000, 1600, 1600, 1600, 1600, 4.551954, 0.103360, 0.085050, 0.003955
1000, 1000, 1000, 1000, 1600, 1600, 1600, 1600, 4.557564, 0.104448, 0.083835, 0.004746
1000, 1000, 1000, 1000, 1500, 1500, 1500, 1500, 4.569906, 0.105536, 0.085050, 0.004746
1000, 1000, 1000, 1000, 1500, 1500, 1500, 1500, 3.911430, 0.104448, 0.085050, 0.004746
1000, 1000, 1000, 1000, 1500, 1500, 1500, 1500, 3.922250, 0.103360, 0.086265, 0.004746
1000, 1000, 1000, 1000, 1500, 1500, 1500, 1500, 3.927660, 0.104448, 0.085050, 0.004746
1000, 1000, 1000, 1000, 1500, 1500, 1500, 1500, 3.941726, 0.130848, 0.085050, 0.004746
1000, 1000, 1000, 1000, 1500, 1500, 1500, 1500, 3.926578, 0.105730, 0.083835, 0.004746
1000, 1000, 1000, 1000, 1500, 1500, 1500, 1500, 3.929824, 0.104448, 0.086265, 0.004746
1000, 1000, 1000, 1000, 1500, 1500, 1500, 1500, 3.914676, 0.104448, 0.086265, 0.004746
1000, 1000, 1000, 1000, 1500, 1500, 1500, 1500, 3.917922, 0.105536, 0.083835, 0.004746
1000, 1000, 1000, 1000, 1500, 1500, 1500, 1500, 3.914676, 0.104448, 0.083835, 0.004746
1000, 1000, 1000, 1000, 1500, 1500, 1500, 1500, 3.927660, 0.104448, 0.083835, 0.004746
1000, 1000, 1000, 1000, 1500, 1500, 1500, 1500, 3.929824, 0.104640, 0.085050, 0.004746
1000, 1000, 1000, 1000, 1500, 1500, 1500, 1500, 3.935234, 0.103360, 0.083835, 0.004746
1000, 1000, 1000, 1000, 1200, 1200, 1200, 1200, 0.996300, 0.107712, 0.096064, 0.033180
1000, 1000, 1000, 1000, 1200, 1200, 1200, 1200, 0.774316, 0.092650, 0.082620, 0.003955
1000, 1000, 1000, 1000, 1200, 1200, 1200, 1200, 0.768298, 0.088290, 0.083835, 0.003950
1000, 1000, 1000, 1000, 1200, 1200, 1200, 1200, 0.765289, 0.086110, 0.085050, 0.003164
1000, 1000, 1000, 1000, 1200, 1200, 1200, 1200, 0.759271, 0.085020, 0.085050, 0.003164
1000, 1000, 1000, 1000, 1200, 1200, 1200, 1200, 0.759271, 0.085020, 0.085050, 0.003164
1000, 1000, 1000, 1000, 1200, 1200, 1200, 1200, 0.756262, 0.082840, 0.082620, 0.003164
1000, 1000, 1000, 1000, 1200, 1200, 1200, 1200, 0.756262, 0.080660, 0.081405, 0.002373
1000, 1000, 1000, 1000, 1200, 1200, 1200, 1200, 0.755259, 0.080660, 0.082620, 0.002373
1000, 1000, 1000, 1000, 1200, 1200, 1200, 1200, 0.695079, 0.081750, 0.083835, 0.002373
1000, 1000, 1000, 1000, 1800, 1800, 1800, 1800, 5.898176, 0.095656, 0.085050, 0.003955
1000, 1000, 1000, 1000, 1700, 1700, 1700, 1700, 5.037590, 0.091560, 0.085050, 0.003164
1000, 1000, 1000, 1000, 1700, 1700, 1700, 1700, 4.416612, 0.094830, 0.083835, 0.003955
1000, 1000, 1000, 1000, 1700, 1700, 1700, 1700, 4.435140, 0.098100, 0.082620, 0.003955
1000, 1000, 1000, 1000, 1700, 1700, 1700, 1700, 4.454826, 0.099008, 0.082620, 0.003955
1000, 1000, 1000, 1000, 1600, 1600, 1600, 1600, 4.048790, 0.100096, 0.085050, 0.003955
1000, 1000, 1000, 1000, 1600, 1600, 1600, 1600, 3.860454, 0.102460, 0.085050, 0.003955
1000, 1000, 1000, 1000, 1600, 1600, 1600, 1600, 3.859336, 0.099190, 0.082620, 0.003955
1000, 1000, 1000, 1000, 1600, 1600, 1600, 1600, 3.855982, 0.101370, 0.083835, 0.003955
1000, 1000, 1000, 1000, 1600, 1600, 1600, 1600, 3.860454, 0.101370, 0.085050, 0.003955
1000, 1000, 1000, 1000, 1600, 1600, 1600, 1600, 3.858218, 0.099190, 0.085050, 0.003955
1000, 1000, 1000, 1000, 1600, 1600, 1600, 1600, 3.871634, 0.100280, 0.086265, 0.003955
1000, 1000, 1000, 1000, 1600, 1600, 1600, 1600, 3.872752, 0.101370, 0.083835, 0.003955
1000, 1000, 1000, 1000, 1600, 1600, 1600, 1600, 3.872752, 0.101370, 0.083835, 0.003955
1000, 1000, 1000, 1000, 1600, 1600, 1600, 1600, 3.862690, 0.101184, 0.085050, 0.003955
1000, 1000, 1000, 1000, 1600, 1600, 1600, 1600, 3.861572, 0.101370, 0.086265, 0.003955
1000, 1000, 1000, 1000, 1200, 1200, 1200, 1200, 2.199600, 0.106820, 0.085050, 0.003955
1000, 1000, 1000, 1000, 2000, 2000, 2000, 2000, 1.819560, 0.107712, 0.081405, 0.003955
1000, 1000, 1000, 1000, 2000, 2000, 2000, 2000, 3.296705, 0.093740, 0.082620, 0.003955
1000, 1000, 1000, 1000, 2000, 2000, 2000, 2000, 3.308540, 0.093740, 0.082620, 0.003955
1000, 1000, 1000, 1000, 2000, 2000, 2000, 2000, 3.305910, 0.093740, 0.082620, 0.003955
1000, 1000, 1000, 1000, 2000, 2000, 2000, 2000, 3.312485, 0.093740, 0.083835, 0.003955
1000, 1000, 1000, 1000, 2000, 2000, 2000, 2000, 3.311170, 0.092650, 0.085050, 0.003955
1000, 1000, 1000, 1000, 2000, 2000, 2000, 2000, 3.316430, 0.093740, 0.083835, 0.003955
1000, 1000, 1000, 1000, 2000, 2000, 2000, 2000, 3.313800, 0.093740, 0.082620, 0.003955
1000, 1000, 1000, 1000, 2000, 2000, 2000, 2000, 3.311170, 0.092650, 0.082620, 0.003955
1000, 1000, 1000, 1000, 2000, 2000, 2000, 2000, 0.350175, 0.106820, 0.091125, 0.008690
1000, 1000, 1000, 1000, 1600, 1600, 1600, 1600, 5.441440, 0.099008, 0.100845, 0.003955
1000, 1000, 1000, 1000, 1600, 1600, 1600, 1600, 5.273058, 0.103360, 0.099630, 0.003955
1000, 1000, 1000, 1000, 1500, 1500, 1500, 1500, 4.527705, 0.105536, 0.100928, 0.004746
1000, 1000, 1000, 1000, 1500, 1500, 1500, 1500, 4.537470, 0.105536, 0.098496, 0.004746
1000, 1000, 1000, 1000, 1500, 1500, 1500, 1500, 4.542895, 0.105536, 0.098496, 0.004746
1000, 1000, 1000, 1000, 1500, 1500, 1500, 1500, 4.535300, 0.105536, 0.100928, 0.004746
1000, 1000, 1000, 1000, 1500, 1500, 1500, 1500, 4.558085, 0.107910, 0.099712, 0.004746
1000, 1000, 1000, 1000, 1500, 1500, 1500, 1500, 4.560114, 0.107712, 0.098496, 0.004746
1000, 1000, 1000, 1000, 1200, 1200, 1200, 1200, 0.495357, 0.113152, 0.095985, 0.004740
1000, 1000, 1000, 1000, 2000, 2000, 2000, 2000, 2.124820, 0.094830, 0.081405, 0.003955
1000, 1000, 1000, 1000, 2000, 2000, 2000, 2000, 2.115650, 0.092650, 0.081405, 0.003955
1000, 1000, 1000, 1000, 2000, 2000, 2000, 2000, 2.111720, 0.090470, 0.082620, 0.003955
1000, 1000, 1000, 1000, 2000, 2000, 2000, 2000, 2.103860, 0.091560, 0.085050, 0.003955
1000, 1000, 1000, 1000, 2000, 2000, 2000, 2000, 2.102550, 0.089380, 0.083835, 0.003955
1000, 1000, 1000, 1000, 2000, 2000, 2000, 2000, 2.093380, 0.093740, 0.086265, 0.003955
1000, 1000, 1000, 1000, 2000, 2000, 2000, 2000, 2.098620, 0.088290, 0.082620, 0.003164
1000, 1000, 1000, 1000, 2000, 2000, 2000, 2000, 2.089450, 0.088290, 0.082620, 0.003164
1000, 1000, 1000, 1000, 1200, 1200, 1200, 1200, 2.089450, 0.088290, 0.082620, 0.003164
1000, 1000, 1000, 1000, 1800, 1800, 1800, 1800, 5.391629, 0.091560, 0.082620, 0.003164
1000, 1000, 1000, 1000, 1800, 1800, 1800, 1800, 3.994164, 0.094830, 0.085050, 0.003955
1000, 1000, 1000, 1000, 1800, 1800, 1800, 1800, 4.010866, 0.095920, 0.085050, 0.003960
1000, 1000, 1000, 1000, 1800, 1800, 1800, 1800, 4.022796, 0.097010, 0.083835, 0.003955
1000, 1000, 1000, 1000, 1800, 1800, 1800, 1800, 4.028761, 0.099190, 0.083835, 0.003955
1000, 1000, 1000, 1000, 1800, 1800, 1800, 1800, 4.035919, 0.099190, 0.083835, 0.003955
1000, 1000, 1000, 1000, 1700, 1700, 1700, 1700, 3.514665, 0.099190, 0.085050, 0.003955
1000, 1000, 1000, 1000, 1700, 1700, 1700, 1700, 3.507735, 0.098100, 0.085050, 0.003955
1000, 1000, 1000, 1000, 1200, 1200, 1200, 1200, 0.363600, 0.097010, 0.083835, 0.003950
1000, 1000, 1000, 1000, 1200, 1200, 1200, 1200, 0.280047, 0.088290, 0.082620, 0.003164
1000, 1000, 1000, 1000, 1200, 1200, 1200, 1200, 0.279036, 0.148919, 0.183918, 0.273340
1000, 1000, 1000, 1000, 1200, 1200, 1200, 1200, 0.272970, 0.122944, 0.119168, 0.058460
1000, 1000, 1000, 1000, 1200, 1200, 1200, 1200, 0.268926, 0.079570, 0.085050, 0.002373
1000, 1000, 1000, 1000, 1200, 1200, 1200, 1200, 0.267915, 0.080660, 0.083835, 0.002370
1000, 1000, 1000, 1000, 1200, 1200, 1200, 1200, 0.266904, 0.078480, 0.082620, 0.002370
1000, 1000, 1000, 1000, 1200, 1200, 1200, 1200, 0.265893, 0.077390, 0.082620, 0.002373
1000, 1000, 1000, 1000, 1200, 1200, 1200, 1200, 0.264882, 0.077390, 0.083835, 0.002370
1000, 1000, 1000, 1000, 1200, 1200, 1200, 1200, 0.264620, 0.076300, 0.082620, 0.002373
1000, 1000, 1000, 1000, 1200, 1200, 1200, 1200, 0.265893, 0.075210, 0.083835, 0.002373
1000, 1000, 1000, 1000, 1200, 1200, 1200, 1200, 0.264882, 0.075210, 0.085050, 0.002370
1000, 1000, 1000, 1000, 1200, 1200, 1200, 1200, 0.263871, 0.076300, 0.085050, 0.002373
1000, 1000, 1000, 1000, 1200, 1200, 1200, 1200, 0.264882, 0.075210, 0.082620, 0.002373
1000, 1000, 1000, 1000, 1200, 1200, 1200, 1200, 0.264882, 0.075210, 0.082620, 0.002373
1000, 1000, 1000, 1000, 1200, 1200, 1200, 1200, 0.262860, 0.074120, 0.082620, 0.002373
1000, 1000, 1000, 1000, 1200, 1200, 1200, 1200, 0.263871, 0.074120, 0.083835, 0.002373
1000, 1000, 1000, 1000, 1200, 1200, 1200, 1200, 0.263871, 0.075210, 0.085050, 0.002373
1000, 1000, 1000, 1000, 1200, 1200, 1200, 1200, 0.263871, 0.075210, 0.083835, 0.002373
1000, 1000, 1000, 1000, 1200, 1200, 1200, 1200, 0.263871, 0.074120, 0.085050, 0.002373
1000, 1000, 1000, 1000, 1200, 1200, 1200, 1200, 0.262860, 0.074120, 0.085050, 0.002370
1000, 1000, 1000, 1000, 1200, 1200, 1200, 1200, 0.262600, 0.074120, 0.083835, 0.002373
1000, 1000, 1000, 1000, 1200, 1200, 1200, 1200, 0.262860, 0.074120, 0.082620, 0.002370
1000, 1000, 1000, 1000, 1200, 1200, 1200, 1200, 0.263871, 0.074120, 0.082620, 0.002373
1000, 1000, 1000, 1000, 1200, 1200, 1200, 1200, 0.263871, 0.074120, 0.083835, 0.002373
1000, 1000, 1000, 1000, 1200, 1200, 1200, 1200, 0.262860, 0.074120, 0.085050, 0.002373
1000, 1000, 1000, 1000, 1200, 1200, 1200, 1200, 0.262860, 0.075210, 0.085050, 0.002373
1000, 1000, 1000, 1000, 1200, 1200, 1200, 1200, 0.262860, 0.075210, 0.085050, 0.002373
1000, 1000, 1000, 1000, 1200, 1200, 1200, 1200, 0.262860, 0.074120, 0.082620, 0.002370
1000, 1000, 1000, 1000, 1200, 1200, 1200, 1200, 0.265893, 0.075210, 0.082620, 0.002373
1000, 1000, 1000, 1000, 1200, 1200, 1200, 1200, 0.262860, 0.103075, 0.147136, 0.063990
1000, 1000, 1000, 1000, 1200, 1200, 1200, 1200, 0.264882, 0.123804, 0.151875, 0.142380
1000, 1000, 1000, 1000, 1200, 1200, 1200, 1200, 0.264882, 0.118592, 0.100928, 0.060907
1000, 1000, 1000, 1000, 1200, 1200, 1200, 1200, 0.270948, 0.185535, 0.133870, 0.114756
1000, 1000, 1000, 1000, 1200, 1200, 1200, 1200, 0.266640, 0.171588, 0.107008, 0.052796
1000, 1000, 1000, 1000, 1200, 1200, 1200, 1200, 0.265630, 0.109787, 0.104576, 0.190454
1000, 1000, 1000, 1000, 1200, 1200, 1200, 1200, 0.266640, 0.165240, 0.131760, 0.307320
1000, 1000, 1000, 1000, 1200, 1200, 1200, 1200, 0.266904, 0.120624, 0.146040, 0.140694
1000, 1000, 1000, 1000, 1200, 1200, 1200, 1200, 0.270948, 0.140140, 0.164295, 0.084564
1000, 1000, 1000, 1000, 1200, 1200, 1200, 1200, 0.266904, 0.128030, 0.160512, 0.149935
1000, 1000, 1000, 1000, 1200, 1200, 1200, 1200, 0.264882, 0.078480, 0.086265, 0.002373
1000, 1000, 1000, 1000, 1200, 1200, 1200, 1200, 0.263871, 0.075210, 0.085050, 0.002370
1000, 1000, 1000, 1000, 1200, 1200, 1200, 1200, 0.263610, 0.075210, 0.083835, 0.002373
1000, 1000, 1000, 1000, 1200, 1200, 1200, 1200, 0.263871, 0.076300, 0.082620, 0.002370
1000, 1000, 1000, 1000, 1200, 1200, 1200, 1200, 0.264882, 0.113199, 0.085050, 0.002370
1000, 1000, 1000, 1000, 1200, 1200, 1200, 1200, 0.263871, 0.075210, 0.082620, 0.002370
1000, 1000, 1000, 1000, 1200, 1200, 1200, 1200, 0.264882, 0.076300, 0.082620, 0.002370
1000, 1000, 1000, 1000, 1200, 1200, 1200, 1200, 0.265893, 0.076300, 0.083835, 0.002373
1000, 1000, 1000, 1000, 1200, 1200, 1200, 1200, 0.264882, 0.077390, 0.085050, 0.002373
1000, 1000, 1000, 1000, 1200, 1200, 1200, 1200, 0.264882, 0.075210, 0.086265, 0.002373
1000, 1000, 1000, 1000, 1200, 1200, 1200, 1200, 0.265893, 0.075210, 0.083835, 0.002373
1000, 1000, 1000, 1000, 1200, 1200, 1200, 1200, 0.265893, 0.076300, 0.082620, 0.002373
1000, 1000, 1000, 1000, 1200, 1200, 1200, 1200, 0.263871, 0.076300, 0.082620, 0.002373
1000, 1000, 1000, 1000, 1200, 1200, 1200, 1200, 0.264882, 0.103075, 0.121700, 0.114550
1000, 1000, 1000, 1000, 1200, 1200, 1200, 1200, 0.264882, 0.075210, 0.082620, 0.002370
1000, 1000, 1000, 1000, 1200, 1200, 1200, 1200, 0.264882, 0.077390, 0.083835, 0.002373
1000, 1000, 1000, 1000, 1200, 1200, 1200, 1200, 0.303000, 0.076300, 0.083835, 0.002373
1000, 1000, 1000, 1000, 1200, 1200, 1200, 1200, 0.264620, 0.075210, 0.082620, 0.002373
1000, 1000, 1000, 1000, 1200, 1200, 1200, 1200, 0.265893, 0.076300, 0.082620, 0.002373
1000, 1000, 1000, 1000, 1200, 1200, 1200, 1200, 0.264882, 0.077390, 0.083835, 0.002373
1000, 1000, 1000, 1000, 1200, 1200, 1200, 1200, 0.264882, 0.076300, 0.085050, 0.002373
1000, 1000, 1000, 1000, 1200, 1200, 1200, 1200, 0.265893, 0.076300, 0.085050, 0.002373
1000, 1000, 1000, 1000, 1200, 1200, 1200, 1200, 0.264882, 0.075210, 0.085050, 0.002373
1000, 1000, 1000, 1000, 1200, 1200, 1200, 1200, 0.265893, 0.077390, 0.085050, 0.002373
1000, 1000, 1000, 1000, 1200, 1200, 1200, 1200, 0.264882, 0.077390, 0.083835, 0.002373
1000, 1000, 1000, 1000, 1200, 1200, 1200, 1200, 0.265893, 0.077390, 0.082620, 0.002373
1000, 1000, 1000, 1000, 1200, 1200, 1200, 1200, 0.265893, 0.075210, 0.082620, 0.002373
1000, 1000, 1000, 1000, 1200, 1200, 1200, 1200, 0.265893, 0.075210, 0.083835, 0.002373
1000, 1000, 1000, 1000, 1200, 1200, 1200, 1200, 0.265893, 0.076300, 0.085050, 0.002370
1000, 1000, 1000, 1000, 1200, 1200, 1200, 1200, 0.264882, 0.077390, 0.085050, 0.002373
1000, 1000, 1000, 1000, 1200, 1200, 1200, 1200, 0.265893, 0.076300, 0.085050, 0.002373
1000, 1000, 1000, 1000, 1200, 1200, 1200, 1200, 0.265630, 0.075210, 0.085050, 0.002373
1000, 1000, 1000, 1000, 1200, 1200, 1200, 1200, 0.265893, 0.076300, 0.083835, 0.002373
1000, 1000, 1000, 1000, 1200, 1200, 1200, 1200, 0.265893, 0.077390, 0.082620, 0.002373
1000, 1000, 1000, 1000, 1200, 1200, 1200, 1200, 0.265893, 0.077390, 0.082620, 0.002373
1000, 1000, 1000, 1000, 1200, 1200, 1200, 1200, 0.264882, 0.077390, 0.083835, 0.002373
1000, 1000, 1000, 1000, 1200, 1200, 1200, 1200, 0.265893, 0.076300, 0.085050, 0.002370
1000, 1000, 1000, 1000, 1200, 1200, 1200, 1200, 0.265893, 0.076300, 0.086265, 0.002373
1000, 1000, 1000, 1000, 1200, 1200, 1200, 1200, 0.265630, 0.077390, 0.085050, 0.002373
1000, 1000, 1000, 1000, 1200, 1200, 1200, 1200, 0.265893, 0.077390, 0.083835, 0.002373
1000, 1000, 1000, 1000, 1200, 1200, 1200, 1200, 0.265630, 0.076300, 0.083835, 0.002373
1000, 1000, 1000, 1000, 1200, 1200, 1200, 1200, 0.265893, 0.076300, 0.083835, 0.002370
1000, 1000, 1000, 1000, 1200, 1200, 1200, 1200, 0.265630, 0.077390, 0.082620, 0.002370
1000, 1000, 1000, 1000, 1200, 1200, 1200, 1200, 0.266904, 0.077390, 0.083835, 0.002370
1000, 1000, 1000, 1000, 1200, 1200, 1200, 1200, 0.266904, 0.077390, 0.085050, 0.002370
1000, 1000, 1000, 1000, 1200, 1200, 1200, 1200, 0.265893, 0.077390, 0.085050, 0.002370
1000, 1000, 1000, 1000, 1200, 1200, 1200, 1200, 0.265630, 0.076300, 0.082620, 0.002373
1000, 1000, 1000, 1000, 1200, 1200, 1200, 1200, 0.266904, 0.077390, 0.083835, 0.002373
1000, 1000, 1000, 1000, 1200, 1200, 1200, 1200, 0.266904, 0.076300, 0.082620, 0.002373
1000, 1000, 1000, 1000, 1200, 1200, 1200, 1200, 0.267915, 0.077390, 0.082620, 0.002373
1000, 1000, 1000, 1000, 1200, 1200, 1200, 1200, 0.266904, 0.078480, 0.085050, 0.002373
1000, 1000, 1000, 1000, 1200, 1200, 1200, 1200, 0.265630, 0.077390, 0.086265, 0.002373
1000, 1000, 1000, 1000, 1200, 1200, 1200, 1200, 0.266904, 0.077390, 0.085050, 0.002370
1000, 1000, 1000, 1000, 1200, 1200, 1200, 1200, 0.266904, 0.077390, 0.083835, 0.002370
1000, 1000, 1000, 1000, 1200, 1200, 1200, 1200, 0.266904, 0.077390, 0.082620, 0.002370
1000, 1000, 1000, 1000, 1200, 1200, 1200, 1200, 0.266904, 0.077390, 0.082620, 0.002370
1000, 1000, 1000, 1000, 1200, 1200, 1200, 1200, 0.266904, 0.077390, 0.083835, 0.002370
1000, 1000, 1000, 1000, 1200, 1200, 1200, 1200, 0.266904, 0.077390, 0.083835, 0.002373
1000, 1000, 1000, 1000, 1200, 1200, 1200, 1200, 0.265893, 0.077390, 0.083835, 0.002373
1000, 1000, 1000, 1000, 1200, 1200, 1200, 1200, 0.265893, 0.078480, 0.086265, 0.002373
1500, 1500, 1500, 1000, 1200, 1200, 1200, 1200, 0.266904, 0.078480, 0.086265, 0.002373
1000, 1000, 1000, 1000, 1200, 1200, 1200, 1200, 0.266904, 0.077390, 0.083835, 0.002373
1000, 1000, 1000, 1000, 1200, 1200, 1200, 1200, 0.266904, 0.077390, 0.082620, 0.002373
1000, 1000, 1000, 1000, 1200, 1200, 1200, 1200, 0.267915, 0.077390, 0.082620, 0.002373
1000, 1000, 1000, 1000, 1200, 1200, 1200, 1200, 0.266904, 0.077390, 0.085050, 0.002373
1000, 1000, 1000, 1000, 1200, 1200, 1200, 1200, 0.265893, 0.078480, 0.085050, 0.002373
1000, 1000, 1000, 1000, 1200, 1200, 1200, 1200, 0.266904, 0.077390, 0.085050, 0.002370
1000, 1000, 1000, 1000, 1200, 1200, 1200, 1200, 0.266904, 0.077390, 0.085050, 0.002373
1000, 1000, 1000, 1000, 1200, 1200, 1200, 1200, 0.266904, 0.077390, 0.083835, 0.002373
1000, 1000, 1000, 1000, 1200, 1200, 1200, 1200, 0.266904, 0.077390, 0.082620, 0.002373
1000, 1000, 1000, 1000, 1200, 1200, 1200, 1200, 0.266904, 0.077390, 0.085050, 0.002370
1000, 1000, 1000, 1000, 1200, 1200, 1200, 1200, 0.267915, 0.077390, 0.085050, 0.002373
1000, 1000, 1000, 1000, 1200, 1200, 1200, 1200, 0.266904, 0.078480, 0.086265, 0.002373
1000, 1000, 1000, 1000, 1200, 1200, 1200, 1200, 0.266904, 0.078480, 0.083835, 0.002370
1000, 1000, 1000, 1000, 1200, 1200, 1200, 1200, 0.266904, 0.077390, 0.082620, 0.002373
1000, 1000, 1000, 1000, 1200, 1200, 1200, 1200, 0.265630, 0.077390, 0.083835, 0.002373
1000, 1000, 1000, 1000, 1200, 1200, 1200, 1200, 0.266640, 0.078480, 0.082620, 0.002370
1000, 1000, 1000, 1000, 1200, 1200, 1200, 1200, 0.266904, 0.078480, 0.083835, 0.002370
1000, 1000, 1000, 1000, 1200, 1200, 1200, 1200, 0.267650, 0.078480, 0.085050, 0.002373
1000, 1000, 1000, 1000, 1200, 1200, 1200, 1200, 0.266904, 0.077390, 0.086265, 0.002373
1000, 1000, 1000, 1000, 1200, 1200, 1200, 1200, 0.266640, 0.078480, 0.085050, 0.002370
1000, 1000, 1000, 1000, 1200, 1200, 1200, 1200, 0.266640, 0.078480, 0.083835, 0.002370
1000, 1000, 1000, 1000, 1200, 1200, 1200, 1200, 0.267915, 0.078480, 0.082620, 0.002373
1000, 1000, 1000, 1000, 1200, 1200, 1200, 1200, 0.268926, 0.077390, 0.082620, 0.002370
1000, 1000, 1000, 1000, 1200, 1200, 1200, 1200, 0.268926, 0.077390, 0.082620, 0.002373
1000, 1000, 1000, 1000, 1200, 1200, 1200, 1200, 0.267915, 0.078480, 0.083835, 0.002373
1000, 1000, 1000, 1000, 1200, 1200, 1200, 1200, 0.266904, 0.079570, 0.085050, 0.002373
1000, 1000, 1000, 1000, 1200, 1200, 1200, 1200, 0.267915, 0.078480, 0.086265, 0.002370
1000, 1000, 1000, 1000, 1200, 1200, 1200, 1200, 0.267915, 0.078480, 0.085050, 0.002373
1000, 1000, 1000, 1000, 1200, 1200, 1200, 1200, 0.266904, 0.077390, 0.082620, 0.002373
1000, 1000, 1000, 1000, 1200, 1200, 1200, 1200, 0.267915, 0.080660, 0.082620, 0.002373
1000, 1000, 1000, 1000, 1200, 1200, 1200, 1200, 0.268926, 0.078480, 0.085050, 0.002373
1000, 1000, 1000, 1000, 1200, 1200, 1200, 1200, 0.267915, 0.078480, 0.083835, 0.002373
1000, 1000, 1000, 1000, 1200, 1200, 1200, 1200, 0.267915, 0.078480, 0.082688, 0.002370
1000, 1000, 1000, 1000, 1200, 1200, 1200, 1200, 0.267915, 0.078480, 0.085050, 0.002373
1000, 1000, 1000, 1000, 1200, 1200, 1200, 1200, 0.268926, 0.078480, 0.086265, 0.002373
1000, 1000, 1000, 1000, 1200, 1200, 1200, 1200, 0.267915, 0.079570, 0.085050, 0.002373
1000, 1000, 1000, 1000, 1200, 1200, 1200, 1200, 0.267915, 0.078480, 0.083835, 0.002373
1000, 1000, 1000, 1000, 1200, 1200, 1200, 1200, 0.267915, 0.078480, 0.082620, 0.002373
1000, 1000, 1000, 1000, 1200, 1200, 1200, 1200, 0.267650, 0.078480, 0.083835, 0.002373
1000, 1000, 1000, 1000, 1200, 1200, 1200, 1200, 0.268926, 0.079570, 0.086265, 0.002373
1000, 1000, 1000, 1000, 1200, 1200, 1200, 1200, 0.268926, 0.079570, 0.083835, 0.002373
1000, 1000, 1000, 1000, 1200, 1200, 1200, 1200, 0.268926, 0.079570, 0.085050, 0.002370
1000, 1000, 1000, 1000, 1200, 1200, 1200, 1200, 0.268926, 0.078480, 0.083835, 0.002373
1000, 1000, 1000, 1000, 1200, 1200, 1200, 1200, 0.268926, 0.079570, 0.082620, 0.002373
1000, 1000, 1000, 1000, 1200, 1200, 1200, 1200, 0.268926, 0.079570, 0.083835, 0.002373
1000, 1000, 1000, 1000, 1200, 1200, 1200, 1200, 0.267915, 0.078480, 0.085050, 0.002373
1000, 1000, 1000, 1000, 1200, 1200, 1200, 1200, 0.267915, 0.079570, 0.086265, 0.002373
1000, 1000, 1000, 1000, 1200, 1200, 1200, 1200, 0.267915, 0.078480, 0.085050, 0.002373
1000, 1000, 1000, 1000, 1200, 1200, 1200, 1200, 0.268926, 0.079570, 0.085050, 0.002373
1000, 1000, 1000, 1000, 1200, 1200, 1200, 1200, 0.267915, 0.078480, 0.085050, 0.002373
1000, 1000, 1000, 1000, 1200, 1200, 1200, 1200, 0.268926, 0.078480, 0.083835, 0.002373
1000, 1000, 1000, 1000, 1200, 1200, 1200, 1200, 0.269937, 0.089216, 0.089910, 0.021357
1000, 1000, 1000, 1000, 1200, 1200, 1200, 1200, 0.269937, 0.079570, 0.083835, 0.002370
1000, 1000, 1000, 1000, 1200, 1200, 1200, 1200, 0.268926, 0.078480, 0.086265, 0.002370
1000, 1000, 1000, 1000, 1200, 1200, 1200, 1200, 0.268926, 0.079570, 0.086265, 0.002370
1000, 1000, 1000, 1000, 1200, 1200, 1200, 1200, 0.268926, 0.079570, 0.085050, 0.002370
1000, 1000, 1000, 1000, 1200, 1200, 1200, 1200, 0.268926, 0.080808, 0.083835, 0.002370
1000, 1000, 1000, 1000, 1200, 1200, 1200, 1200, 0.267915, 0.079570, 0.082620, 0.002370
1000, 1000, 1000, 1000, 1200, 1200, 1200, 1200, 0.268926, 0.079570, 0.083835, 0.002370
1000, 1000, 1000, 1000, 1200, 1200, 1200, 1200, 0.268926, 0.079570, 0.082620, 0.002370
1000, 1000, 1000, 1000, 1200, 1200, 1200, 1200, 0.267915, 0.079570, 0.083835, 0.002370
1000, 1000, 1000, 1000, 1200, 1200, 1200, 1200, 0.267915, 0.079570, 0.085050, 0.002370
1000, 1000, 1000, 1000, 1200, 1200, 1200, 1200, 0.268926, 0.079570, 0.085050, 0.002370
1000, 1000, 1000, 1000, 1200, 1200, 1200, 1200, 0.268926, 0.079570, 0.085050, 0.002370
1000, 1000, 1000, 1000, 1200, 1200, 1200, 1200, 0.269937, 0.078480, 0.083835, 0.002370
1000, 1000, 1000, 1000, 1200, 1200, 1200, 1200, 0.268926, 0.079570, 0.083835, 0.002370
1000, 1000, 1000, 1000, 1200, 1200, 1200, 1200, 0.268926, 0.079570, 0.083835, 0.002370
1000, 1000, 1000, 1000, 1200, 1200, 1200, 1200, 0.269937, 0.079570, 0.083835, 0.002370
1000, 1000, 1000, 1000, 1200, 1200, 1200, 1200, 0.267915, 0.079570, 0.085050, 0.002370
1000, 1000, 1000, 1000, 1200, 1200, 1200, 1200, 0.268926, 0.079570, 0.086265, 0.002370
1000, 1000, 1000, 1000, 1200, 1200, 1200, 1200, 0.268926, 0.079570, 0.086265, 0.002370
1000, 1000, 1000, 1000, 1200, 1200, 1200, 1200, 0.269937, 0.079570, 0.085050, 0.002370
1000, 1000, 1000, 1000, 1200, 1200, 1200, 1200, 0.268926, 0.079570, 0.082620, 0.002370
1000, 1000, 1000, 1000, 1200, 1200, 1200, 1200, 0.268926, 0.079570, 0.083835, 0.002370
1000, 1000, 1000, 1000, 1200, 1200, 1200, 1200, 0.267915, 0.079570, 0.085050, 0.002373
1000, 1000, 1000, 1000, 1200, 1200, 1200, 1200, 0.268926, 0.079570, 0.085050, 0.002370
1000, 1000, 1000, 1000, 1200, 1200, 1200, 1200, 0.268660, 0.080660, 0.085050, 0.002370
1000, 1000, 1000, 1000, 1200, 1200, 1200, 1200, 0.268660, 0.079570, 0.085050, 0.002370
1000, 1000, 1000, 1000, 1200, 1200, 1200, 1200, 0.268926, 0.079570, 0.083835, 0.002370
1000, 1000, 1000, 1000, 1200, 1200, 1200, 1200, 0.268926, 0.080660, 0.082620, 0.002370
1000, 1000, 1000, 1000, 1200, 1200, 1200, 1200, 0.269670, 0.079570, 0.085050, 0.002370
1000, 1000, 1000, 1000, 1200, 1200, 1200, 1200, 0.269670, 0.079570, 0.086265, 0.002370
1000, 1000, 1000, 1000, 1200, 1200, 1200, 1200, 0.269670, 0.079570, 0.086265, 0.002370
1000, 1000, 1000, 1000, 1200, 1200, 1200, 1200, 0.270948, 0.080660, 0.085050, 0.002370
1000, 1000, 1000, 1000, 1200, 1200, 1200, 1200, 0.269670, 0.080660, 0.085050, 0.002373
1000, 1000, 1000, 1000, 1200, 1200, 1200, 1200, 0.268926, 0.079570, 0.083835, 0.002370
1000, 1000, 1000, 1000, 1200, 1200, 1200, 1200, 0.269937, 0.079570, 0.082620, 0.002370
1000, 1000, 1000, 1000, 1200, 1200, 1200, 1200, 0.269937, 0.079570, 0.083835, 0.002373
1000, 1000, 1000, 1000, 1200, 1200, 1200, 1200, 0.268660, 0.080660, 0.085050, 0.002370
1000, 1000, 1000, 1000, 1200, 1200, 1200, 1200, 0.269937, 0.080660, 0.086265, 0.002370
1000, 1000, 1000, 1000, 1200, 1200, 1200, 1200, 0.268926, 0.079570, 0.085050, 0.002370
1000, 1000, 1000, 1000, 1200, 1200, 1200, 1200, 0.269937, 0.079570, 0.083835, 0.002370
1000, 1000, 1000, 1000, 1200, 1200, 1200, 1200, 0.268926, 0.079570, 0.082620, 0.002370
1000, 1000, 1000, 1000, 1200, 1200, 1200, 1200, 0.269937, 0.081750, 0.083835, 0.002370
1000, 1000, 1000, 1000, 1200, 1200, 1200, 1200, 0.269937, 0.080660, 0.083835, 0.002370
1000, 1000, 1000, 1000, 1200, 1200, 1200, 1200, 0.269937, 0.079570, 0.083835, 0.002370
1000, 1000, 1000, 1000, 1200, 1200, 1200, 1200, 0.269937, 0.079570, 0.085050, 0.002370
1000, 1000, 1000, 1000, 1200, 1200, 1200, 1200, 0.269937, 0.080660, 0.086265, 0.002373
1000, 1000, 1000, 1000, 1200, 1200, 1200, 1200, 0.269937, 0.080660, 0.085050, 0.002370
1000, 1000, 1000, 1000, 1200, 1200, 1200, 1200, 0.268926, 0.081750, 0.083835, 0.002373
1000, 1000, 1000, 1000, 1200, 1200, 1200, 1200, 0.269937, 0.079570, 0.082620, 0.002370
1000, 1000, 1000, 1000, 1200, 1200, 1200, 1200, 0.269937, 0.079570, 0.083835, 0.002373
1000, 1000, 1000, 1000, 1200, 1200, 1200, 1200, 0.269937, 0.080660, 0.083835, 0.002373
1000, 1000, 1000, 1000, 1200, 1200, 1200, 1200, 0.270948, 0.080660, 0.085050, 0.002373
1000, 1000, 1000, 1000, 1200, 1200, 1200, 1200, 0.269937, 0.079570, 0.086265, 0.002373
1000, 1000, 1000, 1000, 1200, 1200, 1200, 1200, 0.269937, 0.079570, 0.086265, 0.002373
1000, 1000, 1000, 1000, 1200, 1200, 1200, 1200, 0.269937, 0.079570, 0.085050, 0.002373
1000, 1000, 1000, 1000, 1200, 1200, 1200, 1200, 0.269937, 0.080660, 0.085050, 0.002370
1000, 1000, 1000, 1000, 1200, 1200, 1200, 1200, 0.269937, 0.080660, 0.086265, 0.002373
1000, 1000, 1000, 1000, 1200, 1200, 1200, 1200, 0.287124, 0.079570, 0.085050, 0.002373
1000, 1000, 1000, 1000, 1200, 1200, 1200, 1200, 0.268926, 0.079570, 0.086265, 0.002373
1000, 1000, 1000, 1000, 1200, 1200, 1200, 1200, 0.268926, 0.079570, 0.085050, 0.002373
1000, 1000, 1000, 1000, 1200, 1200, 1200, 1200, 0.268926, 0.117810, 0.085050, 0.002373
1000, 1000, 1000, 1000, 1200, 1200, 1200, 1200, 0.267915, 0.078480, 0.082620, 0.002373
1000, 1000, 1000, 1000, 1200, 1200, 1200, 1200, 0.267915, 0.078480, 0.082620, 0.002373
1000, 1000, 1000, 1000, 1200, 1200, 1200, 1200, 0.268926, 0.079570, 0.083835, 0.002373
1000, 1000, 1000, 1000, 1200, 1200, 1200, 1200, 0.269937, 0.078480, 0.086265, 0.002373
1000, 1000, 1000, 1000, 1200, 1200, 1200, 1200, 0.267915, 0.078480, 0.085050, 0.002373
1000, 1000, 1000, 1000, 1200, 1200, 1200, 1200, 0.267915, 0.078480, 0.083835, 0.002373
1000, 1000, 1000, 1000, 1200, 1200, 1200, 1200, 0.266904, 0.078480, 0.085050, 0.002373
1000, 1000, 1000, 1000, 1200, 1200, 1200, 1200, 0.267915, 0.079570, 0.083835, 0.002373
1000, 1000, 1000, 1000, 1200, 1200, 1200, 1200, 0.267915, 0.078480, 0.082620, 0.002373
1000, 1000, 1000, 1000, 1200, 1200, 1200, 1200, 0.266904, 0.077390, 0.082620, 0.002373
1000, 1000, 1000, 1000, 1200, 1200, 1200, 1200, 0.267915, 0.077390, 0.083835, 0.002373
1000, 1000, 1000, 1000, 1200, 1200, 1200, 1200, 0.267915, 0.080660, 0.085050, 0.002373
1000, 1000, 1000, 1000, 1200, 1200, 1200, 1200, 0.267915, 0.078480, 0.085050, 0.002373
1000, 1000, 1000, 1000, 1200, 1200, 1200, 1200, 0.267915, 0.078480, 0.083835, 0.002370
1000, 1000, 1000, 1000, 1200, 1200, 1200, 1200, 0.267915, 0.079570, 0.082620, 0.002373
1000, 1000, 1000, 1000, 1200, 1200, 1200, 1200, 0.268926, 0.078480, 0.083835, 0.002373
1000, 1000, 1000, 1000, 1200, 1200, 1200, 1200, 0.267915, 0.078480, 0.082620, 0.002373
1000, 1000, 1000, 1000, 1200, 1200, 1200, 1200, 0.268926, 0.079570, 0.082620, 0.002370
1000, 1000, 1000, 1000, 1200, 1200, 1200, 1200, 0.267915, 0.078480, 0.085050, 0.002373
1000, 1000, 1000, 1000, 1200, 1200, 1200, 1200, 0.268926, 0.077390, 0.085050, 0.002370
1000, 1000, 1000, 1000, 1200, 1200, 1200, 1200, 0.268926, 0.077390, 0.085050, 0.002373
1000, 1000, 1000, 1000, 1200, 1200, 1200, 1200, 0.267915, 0.079570, 0.083835, 0.002373
1000, 1000, 1000, 1000, 1200, 1200, 1200, 1200, 0.268926, 0.079570, 0.082620, 0.002373
1000, 1000, 1000, 1000, 1200, 1200, 1200, 1200, 0.267915, 0.079570, 0.083835, 0.002373
1000, 1000, 1000, 1000, 1200, 1200, 1200, 1200, 0.267915, 0.078480, 0.082620, 0.002373
1000, 1000, 1000, 1000, 1200, 1200, 1200, 1200, 0.267915, 0.078480, 0.083835, 0.002373
1000, 1000, 1000, 1000, 1200, 1200, 1200, 1200, 0.267650, 0.079570, 0.085050, 0.002373
1000, 1000, 1000, 1000, 1200, 1200, 1200, 1200, 0.267915, 0.079570, 0.083835, 0.002373
1000, 1000, 1000, 1000, 1200, 1200, 1200, 1200, 0.267915, 0.079570, 0.082620, 0.002373
1000, 1000, 1000, 1000, 1200, 1200, 1200, 1200, 0.267915, 0.079570, 0.082620, 0.002373
1000, 1000, 1000, 1000, 1200, 1200, 1200, 1200, 0.271959, 0.080660, 0.085050, 0.002370
1000, 1000, 1000, 1000, 1200, 1200, 1200, 1200, 0.267915, 0.078480, 0.086265, 0.002370
1000, 1000, 1000, 1000, 1200, 1200, 1200, 1200, 0.268926, 0.078480, 0.085050, 0.002370
1000, 1000, 1000, 1000, 1200, 1200, 1200, 1200, 0.268926, 0.079570, 0.086265, 0.002370
1000, 1000, 1000, 1000, 1200, 1200, 1200, 1200, 0.269937, 0.079570, 0.083835, 0.002370
1000, 1000, 1000, 1000, 1200, 1200, 1200, 1200, 0.268926, 0.079570, 0.083835, 0.002373
1000, 1000, 1000, 1000, 1200, 1200, 1200, 1200, 0.268926, 0.079570, 0.083835, 0.002370
1000, 1000, 1000, 1000, 1200, 1200, 1200, 1200, 0.267915, 0.078480, 0.083835, 0.002370
1000, 1000, 1000, 1000, 1200, 1200, 1200, 1200, 0.267915, 0.079570, 0.085050, 0.002373
1000, 1000, 1000, 1000, 1200, 1200, 1200, 1200, 0.267915, 0.079570, 0.085050, 0.002370
1000, 1000, 1000, 1000, 1200, 1200, 1200, 1200, 0.268926, 0.079570, 0.085050, 0.002373
1000, 1000, 1000, 1000, 1200, 1200, 1200, 1200, 0.267915, 0.078480, 0.083835, 0.002370
1000, 1000, 1000, 1000, 1200, 1200, 1200, 1200, 0.268926, 0.079570, 0.085050, 0.002370
1000, 1000, 1000, 1000, 1200, 1200, 1200, 1200, 0.267915, 0.079570, 0.082620, 0.002370
1000, 1000, 1000, 1000, 1200, 1200, 1200, 1200, 0.268926, 0.079570, 0.083835, 0.002370
1000, 1000, 1000, 1000, 1200, 1200, 1200, 1200, 0.268926, 0.079570, 0.083835, 0.002370
1000, 1000, 1000, 1000, 1200, 1200, 1200, 1200, 0.267915, 0.079570, 0.086265, 0.002370
1000, 1000, 1000, 1000, 1200, 1200, 1200, 1200, 0.267915, 0.078480, 0.086265, 0.002370
1000, 1000, 1000, 1000, 1200, 1200, 1200, 1200, 0.268926, 0.079570, 0.085050, 0.002370
1000, 1000, 1000, 1000, 1200, 1200, 1200, 1200, 0.268926, 0.078480, 0.083835, 0.002370
1000, 1000, 1000, 1000, 1200, 1200, 1200, 1200, 0.268926, 0.078480, 0.085050, 0.002370
1000, 1000, 1000, 1000, 1200, 1200, 1200, 1200, 0.268926, 0.090304, 0.087480, 0.008690
1000, 1000, 1000, 1000, 1200, 1200, 1200, 1200, 0.268926, 0.079570, 0.083835, 0.002370
1000, 1000, 1000, 1000, 1200, 1200, 1200, 1200, 0.268926, 0.079570, 0.085050, 0.002373
1000, 1000, 1000, 1000, 1200, 1200, 1200, 1200, 0.269937, 0.079570, 0.086265, 0.002373
1000, 1000, 1000, 1000, 1200, 1200, 1200, 1200, 0.268926, 0.079570, 0.086265, 0.002373
1000, 1000, 1000, 1000, 1200, 1200, 1200, 1200, 0.268926, 0.078480, 0.085050, 0.002373
1000, 1000, 1000, 1000, 1200, 1200, 1200, 1200, 0.269937, 0.079570, 0.082620, 0.002373
1000, 1000, 1000, 1000, 1200, 1200, 1200, 1200, 0.268926, 0.079570, 0.082620, 0.002373
1000, 1000, 1000, 1000, 1200, 1200, 1200, 1200, 0.268926, 0.079570, 0.083835, 0.002373
1000, 1000, 1000, 1000, 1200, 1200, 1200, 1200, 0.268926, 0.079570, 0.086265, 0.002370
1000, 1000, 1000, 1000, 1200, 1200, 1200, 1200, 0.267915, 0.079570, 0.086265, 0.002370
1000, 1000, 1000, 1000, 1200, 1200, 1200, 1200, 0.267915, 0.079570, 0.085050, 0.002373
1000, 1000, 1000, 1000, 1200, 1200, 1200, 1200, 0.269937, 0.078480, 0.083835, 0.002370
1000, 1000, 1000, 1000, 1200, 1200, 1200, 1200, 0.269937, 0.079570, 0.082620, 0.002370
1000, 1000, 1000, 1000, 1200, 1200, 1200, 1200, 0.269937, 0.080660, 0.083835, 0.002370
1000, 1000, 1000, 1000, 1200, 1200, 1200, 1200, 0.269937, 0.140223, 0.124032, 0.107956
1000, 1000, 1000, 1000, 1200, 1200, 1200, 1200, 0.282800, 0.269808, 0.235460, 0.070132
1000, 1000, 1000, 1000, 1200, 1200, 1200, 1200, 0.272970, 0.125005, 0.148352, 0.179330
1000, 1000, 1000, 1000, 1200, 1200, 1200, 1200, 0.273981, 0.187705, 0.202188, 0.561056
1000, 1000, 1000, 1000, 1200, 1200, 1200, 1200, 0.271959, 0.115010, 0.109530, 0.124346
1000, 1000, 1000, 1000, 1200, 1200, 1200, 1200, 0.269937, 0.082840, 0.086265, 0.003160
1000, 1000, 1000, 1000, 1200, 1200, 1200, 1200, 0.273981, 0.098735, 0.141056, 0.231470
1000, 1000, 1000, 1000, 1200, 1200, 1200, 1200, 0.274992, 0.165760, 0.211060, 0.376186
1000, 1000, 1000, 1000, 1200, 1200, 1200, 1200, 0.270948, 0.187878, 0.132653, 0.119016
1000, 1000, 1000, 1000, 1200, 1200, 1200, 1200, 0.269937, 0.082840, 0.085050, 0.003164
1000, 1000, 1000, 1000, 1200, 1200, 1200, 1200, 0.269937, 0.081750, 0.083835, 0.002370
1000, 1000, 1000, 1000, 1200, 1200, 1200, 1200, 0.270948, 0.080660, 0.085050, 0.002373
1000, 1000, 1000, 1000, 1200, 1200, 1200, 1200, 0.270948, 0.079570, 0.083835, 0.002373
1000, 1000, 1000, 1000, 1200, 1200, 1200, 1200, 0.271959, 0.079570, 0.083835, 0.002373
1000, 1000, 1000, 1000, 1200, 1200, 1200, 1200, 0.271959, 0.080660, 0.083835, 0.002373
1000, 1000, 1000, 1000, 1200, 1200, 1200, 1200, 0.270948, 0.080660, 0.085050, 0.002373
1000, 1000, 1000, 1000, 1200, 1200, 1200, 1200, 0.270948, 0.080660, 0.086265, 0.002370
1000, 1000, 1000, 1000, 1200, 1200, 1200, 1200, 0.269937, 0.079570, 0.085050, 0.002370
1000, 1000, 1000, 1000, 1200, 1200, 1200, 1200, 0.270948, 0.080660, 0.083835, 0.002373
1000, 1000, 1000, 1000, 1200, 1200, 1200, 1200, 0.270948, 0.081825, 0.083835, 0.002370
1000, 1000, 1000, 1000, 1200, 1200, 1200, 1200, 0.270948, 0.080660, 0.085050, 0.002370
1000, 1000, 1000, 1000, 1200, 1200, 1200, 1200, 0.271959, 0.116856, 0.154432, 0.215124
1000, 1000, 1000, 1000, 1200, 1200, 1200, 1200, 0.269670, 0.081750, 0.086265, 0.002370
1000, 1000, 1000, 1000, 1200, 1200, 1200, 1200, 0.269937, 0.080660, 0.085050, 0.002370
1000, 1000, 1000, 1000, 1200, 1200, 1200, 1200, 0.269937, 0.079570, 0.083835, 0.002370
1000, 1000, 1000, 1000, 1200, 1200, 1200, 1200, 0.270948, 0.080660, 0.082620, 0.002370
1000, 1000, 1000, 1000, 1200, 1200, 1200, 1200, 0.269937, 0.079570, 0.083835, 0.002373
1000, 1000, 1000, 1000, 1200, 1200, 1200, 1200, 0.269937, 0.079570, 0.085050, 0.002370
1000, 1000, 1000, 1000, 1200, 1200, 1200, 1200, 0.269937, 0.079570, 0.085050, 0.002370
1000, 1000, 1000, 1000, 1200, 1200, 1200, 1200, 0.269937, 0.078480, 0.086265, 0.002370
1000, 1000, 1000, 1000, 1200, 1200, 1200, 1200, 0.268926, 0.080660, 0.086265, 0.002370
1000, 1000, 1000, 1000, 1200, 1200, 1200, 1200, 0.269937, 0.079570, 0.083835, 0.002370
1000, 1000, 1000, 1000, 1200, 1200, 1200, 1200, 0.268926, 0.079570, 0.082620, 0.002370
1000, 1000, 1000, 1000, 1200, 1200, 1200, 1200, 0.267915, 0.078480, 0.082620, 0.002370
1000, 1000, 1000, 1000, 1200, 1200, 1200, 1200, 0.268926, 0.077390, 0.083835, 0.002370
1000, 1000, 1000, 1000, 1200, 1200, 1200, 1200, 0.267915, 0.080660, 0.086265, 0.002370
1000, 1000, 1000, 1000, 1200, 1200, 1200, 1200, 0.267915, 0.077390, 0.086265, 0.002370
1000, 1000, 1000, 1000, 1200, 1200, 1200, 1200, 0.267915, 0.078480, 0.085050, 0.002370
1000, 1000, 1000, 1000, 1200, 1200, 1200, 1200, 0.267915, 0.078480, 0.085050, 0.002370
1000, 1000, 1000, 1000, 1200, 1200, 1200, 1200, 0.267650, 0.077390, 0.083835, 0.002370
1000, 1000, 1000, 1000, 1200, 1200, 1200, 1200, 0.266640, 0.079570, 0.083835, 0.002370
1000, 1000, 1000, 1000, 1200, 1200, 1200, 1200, 0.268660, 0.079570, 0.082620, 0.003950
1000, 1000, 1000, 1000, 1200, 1200, 1200, 1200, 0.267915, 0.078480, 0.085050, 0.002370
1000, 1000, 1000, 1000, 1200, 1200, 1200, 1200, 0.266904, 0.078480, 0.086265, 0.002370
1000, 1000, 1000, 1000, 1200, 1200, 1200, 1200, 0.266904, 0.077390, 0.085050, 0.002370
1000, 1000, 1000, 1000, 1200, 1200, 1200, 1200, 0.267915, 0.078480, 0.083835, 0.002370
1000, 1000, 1000, 1000, 1200, 1200, 1200, 1200, 0.267915, 0.083930, 0.086265, 0.002370
1000, 1000, 1000, 1000, 1200, 1200, 1200, 1200, 0.267915, 0.078480, 0.083835, 0.002370
1000, 1000, 1000, 1000, 1200, 1200, 1200, 1200, 0.267915, 0.078480, 0.083835, 0.002370
1000, 1000, 1000, 1000, 1200, 1200, 1200, 1200, 0.267915, 0.077390, 0.082620, 0.002370
1000, 1000, 1000, 1000, 1200, 1200, 1200, 1200, 0.268926, 0.078480, 0.085050, 0.002370
1000, 1000, 1000, 1000, 1200, 1200, 1200, 1200, 0.268660, 0.079570, 0.086265, 0.002370
1000, 1000, 1000, 1000, 1200, 1200, 1200, 1200, 0.267650, 0.078480, 0.085050, 0.002370
1000, 1000, 1000, 1000, 1200, 1200, 1200, 1200, 0.267915, 0.078480, 0.083835, 0.002373
1000, 1000, 1000, 1000, 1200, 1200, 1200, 1200, 0.267915, 0.079570, 0.087480, 0.002373
1000, 1000, 1000, 1000, 1200, 1200, 1200, 1200, 0.267915, 0.078480, 0.083835, 0.002370
1000, 1000, 1000, 1000, 1200, 1200, 1200, 1200, 0.268926, 0.077390, 0.085050, 0.002370
1000, 1000, 1000, 1000, 1200, 1200, 1200, 1200, 0.267915, 0.079570, 0.086265, 0.002370
1000, 1000, 1000, 1000, 1200, 1200, 1200, 1200, 0.267915, 0.079570, 0.086265, 0.002373
1000, 1000, 1000, 1000, 1200, 1200, 1200, 1200, 0.267915, 0.078480, 0.083835, 0.002370
1000, 1000, 1000, 1000, 1200, 1200, 1200, 1200, 0.268926, 0.078480, 0.082620, 0.002370
1000, 1000, 1000, 1000, 1200, 1200, 1200, 1200, 0.268926, 0.078480, 0.083835, 0.002370
1000, 1000, 1000, 1000, 1200, 1200, 1200, 1200, 0.267915, 0.079570, 0.085050, 0.002370
1000, 1000, 1000, 1000, 1200, 1200, 1200, 1200, 0.268926, 0.079570, 0.083835, 0.002373
1000, 1000, 1000, 1000, 1200, 1200, 1200, 1200, 0.268926, 0.079570, 0.085050, 0.002370
1000, 1000, 1000, 1000, 1200, 1200, 1200, 1200, 0.268926, 0.078480, 0.086265, 0.002373
1000, 1000, 1000, 1000, 1200, 1200, 1200, 1200, 0.267650, 0.078480, 0.085050, 0.002370
1000, 1000, 1000, 1000, 1200, 1200, 1200, 1200, 0.267915, 0.079570, 0.083835, 0.002370
1000, 1000, 1000, 1000, 1200, 1200, 1200, 1200, 0.267915, 0.079570, 0.083835, 0.002370
1000, 1000, 1000, 1000, 1200, 1200, 1200, 1200, 0.268660, 0.078480, 0.083835, 0.002370
1000, 1000, 1000, 1000, 1200, 1200, 1200, 1200, 0.267915, 0.079570, 0.085050, 0.002370
1000, 1000, 1000, 1000, 1200, 1200, 1200, 1200, 0.267915, 0.079570, 0.085050, 0.002373
1000, 1000, 1000, 1000, 1200, 1200, 1200, 1200, 0.267915, 0.079570, 0.086265, 0.002370
1000, 1000, 1000, 1000, 1200, 1200, 1200, 1200, 0.268926, 0.079570, 0.085050, 0.002370
1000, 1000, 1000, 1000, 1200, 1200, 1200, 1200, 0.268926, 0.079570, 0.085050, 0.002370
1000, 1000, 1000, 1000, 1200, 1200, 1200, 1200, 0.268926, 0.079570, 0.083835, 0.002370
1000, 1000, 1000, 1000, 1200, 1200, 1200, 1200, 0.267915, 0.079570, 0.082620, 0.002370
1000, 1000, 1000, 1000, 1200, 1200, 1200, 1200, 0.268926, 0.079570, 0.083835, 0.002370
1000, 1000, 1000, 1000, 1200, 1200, 1200, 1200, 0.267915, 0.079570, 0.085050, 0.002370
1000, 1000, 1000, 1000, 1200, 1200, 1200, 1200, 0.268926, 0.078480, 0.086265, 0.002370
1000, 1000, 1000, 1000, 1200, 1200, 1200, 1200, 0.270948, 0.079570, 0.085050, 0.002370
1000, 1000, 1000, 1000, 1200, 1200, 1200, 1200, 0.269937, 0.079570, 0.086265, 0.002370
1000, 1000, 1000, 1000, 1200, 1200, 1200, 1200, 0.267915, 0.079570, 0.083835, 0.002370
1000, 1000, 1000, 1000, 1200, 1200, 1200, 1200, 0.268926, 0.079570, 0.082620, 0.002370
1000, 1000, 1000, 1000, 1200, 1200, 1200, 1200, 0.269937, 0.079570, 0.082620, 0.002370
1000, 1000, 1000, 1000, 1200, 1200, 1200, 1200, 0.269937, 0.079570, 0.083835, 0.002370
1000, 1000, 1000, 1000, 1200, 1200, 1200, 1200, 0.269937, 0.079570, 0.083835, 0.002370
1000, 1000, 1000, 1000, 1200, 1200, 1200, 1200, 0.268926, 0.078480, 0.083835, 0.002370
1000, 1000, 1000, 1000, 1200, 1200, 1200, 1200, 0.269937, 0.079570, 0.083835, 0.002370
1000, 1000, 1000, 1000, 1200, 1200, 1200, 1200, 0.269937, 0.079570, 0.085050, 0.002370
1000, 1000, 1000, 1000, 1200, 1200, 1200, 1200, 0.270948, 0.080660, 0.083835, 0.002370
1000, 1000, 1000, 1000, 1200, 1200, 1200, 1200, 0.269937, 0.079570, 0.085050, 0.002370
1000, 1000, 1000, 1000, 1200, 1200, 1200, 1200, 0.269937, 0.079570, 0.086265, 0.002370
1000, 1000, 1000, 1000, 1200, 1200, 1200, 1200, 0.268926, 0.079570, 0.086265, 0.002370
1000, 1000, 1000, 1000, 1200, 1200, 1200, 1200, 0.268926, 0.079570, 0.083835, 0.002370
1000, 1000, 1000, 1000, 1200, 1200, 1200, 1200, 0.270948, 0.080660, 0.082688, 0.002370
1000, 1000, 1000, 1000, 1200, 1200, 1200, 1200, 0.269937, 0.079570, 0.082620, 0.002370
1000, 1000, 1000, 1000, 1200, 1200, 1200, 1200, 0.269937, 0.079570, 0.083835, 0.002370
1000, 1000, 1000, 1000, 1200, 1200, 1200, 1200, 0.268926, 0.080660, 0.086265, 0.002373
1000, 1000, 1000, 1000, 1200, 1200, 1200, 1200, 0.268926, 0.079570, 0.085050, 0.002373
1000, 1000, 1000, 1000, 1200, 1200, 1200, 1200, 0.268926, 0.080660, 0.086265, 0.002373
1000, 1000, 1000, 1000, 1200, 1200, 1200, 1200, 0.269937, 0.079570, 0.085050, 0.002370
1000, 1000, 1000, 1000, 1200, 1200, 1200, 1200, 0.269937, 0.079570, 0.083835, 0.002370
1000, 1000, 1000, 1000, 1200, 1200, 1200, 1200, 0.269937, 0.079570, 0.082620, 0.002370
1000, 1000, 1000, 1000, 1200, 1200, 1200, 1200, 0.269937, 0.080660, 0.083835, 0.002370
1000, 1000, 1000, 1000, 1200, 1200, 1200, 1200, 0.270948, 0.080660, 0.085050, 0.002373
1000, 1000, 1000, 1000, 1200, 1200, 1200, 1200, 0.269937, 0.079570, 0.086265, 0.002373
1000, 1000, 1000, 1000, 1200, 1200, 1200, 1200, 0.679090, 0.285012, 0.151032, 0.166844
1000, 1000, 1000, 1000, 1200, 1200, 1200, 1200, 0.270948, 0.081750, 0.086265, 0.065570
1000, 1000, 1000, 1000, 1200, 1200, 1200, 1200, 0.271959, 0.129720, 0.092340, 0.002373
1000, 1000, 1000, 1000, 1200, 1200, 1200, 1200, 0.270948, 0.080660, 0.082620, 0.002373
1000, 1000, 1000, 1000, 1200, 1200, 1200, 1200, 0.269937, 0.079570, 0.083835, 0.002373
1000, 1000, 1000, 1000, 1200, 1200, 1200, 1200, 0.269937, 0.079570, 0.083835, 0.002373
1000, 1000, 1000, 1000, 1200, 1200, 1200, 1200, 0.269937, 0.079570, 0.085050, 0.002373
1000, 1000, 1000, 1000, 1200, 1200, 1200, 1200, 0.268926, 0.079570, 0.085050, 0.002373
1000, 1000, 1000, 1000, 1200, 1200, 1200, 1200, 0.268926, 0.080660, 0.085050, 0.002373
1000, 1000, 1000, 1000, 1200, 1200, 1200, 1200, 0.267915, 0.079570, 0.085050, 0.002373
1000, 1000, 1000, 1000, 1200, 1200, 1200, 1200, 0.267915, 0.078480, 0.083835, 0.002373
1000, 1000, 1000, 1000, 1200, 1200, 1200, 1200, 0.267915, 0.078480, 0.082620, 0.002373
1000, 1000, 1000, 1000, 1200, 1200, 1200, 1200, 0.266904, 0.079570, 0.085050, 0.002370
1000, 1000, 1000, 1000, 1200, 1200, 1200, 1200, 0.266904, 0.078480, 0.085050, 0.002373
1000, 1000, 1000, 1000, 1200, 1200, 1200, 1200, 0.267915, 0.079570, 0.085050, 0.002370
1000, 1000, 1000, 1000, 1200, 1200, 1200, 1200, 0.266904, 0.078480, 0.083835, 0.002373
1000, 1000, 1000, 1000, 1200, 1200, 1200, 1200, 0.267915, 0.077390, 0.082620, 0.002373
1000, 1000, 1000, 1000, 1200, 1200, 1200, 1200, 0.267915, 0.077390, 0.083835, 0.002373
1000, 1000, 1000, 1000, 1200, 1200, 1200, 1200, 0.267915, 0.077390, 0.083835, 0.002373
1000, 1000, 1000, 1000, 1200, 1200, 1200, 1200, 0.267915, 0.078480, 0.085050, 0.002373
1000, 1000, 1000, 1000, 1200, 1200, 1200, 1200, 0.268926, 0.079570, 0.085050, 0.002373
1000, 1000, 1000, 1000, 1200, 1200, 1200, 1200, 0.268926, 0.078480, 0.085050, 0.002373
1000, 1000, 1000, 1000, 1200, 1200, 1200, 1200, 0.266904, 0.077390, 0.083835, 0.002373
1000, 1000, 1000, 1000, 1200, 1200, 1200, 1200, 0.266904, 0.078480, 0.083835, 0.002370
