CPU0_FREQ, CPU1_FREQ, CPU2_FREQ, CPU3_FREQ, CPU4_FREQ, CPU5_FREQ, CPU6_FREQ, CPU7_FREQ, A15_W, A7_W, MEM_W, GPU_W
1000, 1000, 1000, 1000, 1200, 1200, 1200, 1200, 0.268926, 0.078480, 0.086265, 0.002370
1000, 1000, 1000, 1000, 1200, 1200, 1200, 1200, 0.268926, 0.078480, 0.083835, 0.002373
1000, 1000, 1000, 1000, 1200, 1200, 1200, 1200, 0.268926, 0.079570, 0.082620, 0.002373
1000, 1000, 1000, 1000, 1200, 1200, 1200, 1200, 0.269937, 0.078480, 0.083835, 0.002370
1000, 1000, 1000, 1000, 1200, 1200, 1200, 1200, 0.269937, 0.080660, 0.082620, 0.002370
1000, 1000, 1000, 1000, 1200, 1200, 1200, 1200, 0.269937, 0.079570, 0.082620, 0.002370
1000, 1000, 1000, 1000, 1200, 1200, 1200, 1200, 0.268926, 0.078480, 0.085050, 0.002370
1000, 1000, 1000, 1000, 1200, 1200, 1200, 1200, 0.269937, 0.079570, 0.086265, 0.002370
1000, 1000, 1000, 1000, 1200, 1200, 1200, 1200, 0.268926, 0.080660, 0.085050, 0.002370
1000, 1000, 1000, 1000, 1200, 1200, 1200, 1200, 0.270948, 0.118265, 0.133650, 0.102700
1000, 1000, 1000, 1000, 1200, 1200, 1200, 1200, 0.269937, 0.088128, 0.109350, 0.029156
1000, 1000, 1000, 1000, 1200, 1200, 1200, 1200, 0.269670, 0.083930, 0.102144, 0.021330
1000, 1000, 1000, 1000, 1200, 1200, 1200, 1200, 0.268926, 0.079570, 0.086265, 0.002370
1000, 1000, 1000, 1000, 1200, 1200, 1200, 1200, 0.268926, 0.079570, 0.085050, 0.002370
1000, 1000, 1000, 1000, 1200, 1200, 1200, 1200, 0.273981, 0.129115, 0.103360, 0.022852
1000, 1000, 1000, 1000, 1200, 1200, 1200, 1200, 0.269937, 0.086110, 0.092340, 0.007110
1500, 1500, 1500, 1500, 2000, 2000, 2000, 2000, 2.524806, 0.238355, 0.100928, 0.002373
1500, 1500, 1500, 1500, 2000, 2000, 2000, 2000, 2.641444, 0.273705, 0.104576, 0.003164
1500, 1500, 1500, 1500, 2000, 2000, 2000, 2000, 2.648928, 0.239899, 0.102060, 0.003164
1500, 1500, 1500, 1500, 1800, 1800, 1800, 1800, 1.628196, 0.254000, 0.100845, 0.003955
1000, 1000, 1000, 1000, 2000, 2000, 2000, 2000, 1.286280, 0.237031, 0.099712, 0.034013
1000, 1000, 1000, 1000, 2000, 2000, 2000, 2000, 4.091919, 0.100096, 0.085050, 0.003960
1000, 1000, 1000, 1000, 2000, 2000, 2000, 2000, 4.118750, 0.102272, 0.082620, 0.003955
1000, 1000, 1000, 1000, 2000, 2000, 2000, 2000, 4.151700, 0.102272, 0.082620, 0.003955
1000, 1000, 1000, 1000, 2000, 2000, 2000, 2000, 2.819011, 0.097010, 0.083835, 0.003955
1000, 1000, 1000, 1000, 2000, 2000, 2000, 2000, 2.829515, 0.094830, 0.085050, 0.003955
1000, 1000, 1000, 1000, 2000, 2000, 2000, 2000, 2.851836, 0.093740, 0.085050, 0.003955
1000, 1000, 1000, 1000, 2000, 2000, 2000, 2000, 2.825576, 0.092650, 0.083835, 0.003955
1000, 1000, 1000, 1000, 2000, 2000, 2000, 2000, 2.828202, 0.097010, 0.086265, 0.003955
1000, 1000, 1000, 1000, 2000, 2000, 2000, 2000, 2.826889, 0.094830, 0.083835, 0.003955
1000, 1000, 1000, 1000, 2000, 2000, 2000, 2000, 2.822950, 0.094830, 0.082620, 0.003955
1000, 1000, 1000, 1000, 2000, 2000, 2000, 2000, 2.825576, 0.093740, 0.082620, 0.003955
1000, 1000, 1000, 1000, 2000, 2000, 2000, 2000, 2.824263, 0.092650, 0.083835, 0.003955
1000, 1000, 1000, 1000, 2000, 2000, 2000, 2000, 2.530848, 0.092650, 0.085050, 0.003955
1000, 1000, 1000, 1000, 2000, 2000, 2000, 2000, 2.524288, 0.091560, 0.083835, 0.003955
1000, 1000, 1000, 1000, 2000, 2000, 2000, 2000, 2.520352, 0.102272, 0.086265, 0.014238
1000, 1000, 1000, 1000, 2000, 2000, 2000, 2000, 2.516416, 0.092650, 0.082620, 0.003955
1000, 1000, 1000, 1000, 2000, 2000, 2000, 2000, 2.513792, 0.091560, 0.082620, 0.003955
1000, 1000, 1000, 1000, 2000, 2000, 2000, 2000, 2.513792, 0.090470, 0.082620, 0.003955
1000, 1000, 1000, 1000, 2000, 2000, 2000, 2000, 2.515104, 0.090470, 0.083835, 0.003955
1000, 1000, 1000, 1000, 2000, 2000, 2000, 2000, 2.517728, 0.091560, 0.085050, 0.003955
1000, 1000, 1000, 1000, 1200, 1200, 1200, 1200, 2.513792, 0.091560, 0.083835, 0.018960
1000, 1000, 1000, 1000, 2000, 2000, 2000, 2000, 2.102550, 0.093740, 0.082620, 0.003955
1000, 1000, 1000, 1000, 2000, 2000, 2000, 2000, 2.101240, 0.093740, 0.081405, 0.003955
1000, 1000, 1000, 1000, 2000, 2000, 2000, 2000, 2.099930, 0.093740, 0.081405, 0.003955
1000, 1000, 1000, 1000, 2000, 2000, 2000, 2000, 2.098620, 0.091560, 0.083835, 0.003955
1000, 1000, 1000, 1000, 2000, 2000, 2000, 2000, 2.094690, 0.088290, 0.082620, 0.003164
1000, 1000, 1000, 1000, 2000, 2000, 2000, 2000, 2.093380, 0.088290, 0.083835, 0.003164
1000, 1000, 1000, 1000, 2000, 2000, 2000, 2000, 2.093380, 0.088290, 0.085050, 0.003164
1000, 1000, 1000, 1000, 2000, 2000, 2000, 2000, 2.094690, 0.088290, 0.083835, 0.003164
1000, 1000, 1000, 1000, 2000, 2000, 2000, 2000, 2.092070, 0.087200, 0.085050, 0.010283
1000, 1000, 1000, 1000, 2000, 2000, 2000, 2000, 2.668608, 0.088290, 0.082620, 0.003164
1000, 1000, 1000, 1000, 2000, 2000, 2000, 2000, 2.677792, 0.088290, 0.081405, 0.003164
1000, 1000, 1000, 1000, 2000, 2000, 2000, 2000, 2.681728, 0.089380, 0.082620, 0.003164
1000, 1000, 1000, 1000, 2000, 2000, 2000, 2000, 2.683040, 0.090470, 0.083835, 0.003164
1000, 1000, 1000, 1000, 2000, 2000, 2000, 2000, 2.684352, 0.090470, 0.082620, 0.003955
1000, 1000, 1000, 1000, 2000, 2000, 2000, 2000, 2.685664, 0.089380, 0.083835, 0.003955
1000, 1000, 1000, 1000, 2000, 2000, 2000, 2000, 2.684352, 0.089380, 0.083835, 0.003955
1000, 1000, 1000, 1000, 2000, 2000, 2000, 2000, 2.683040, 0.090470, 0.083835, 0.003955
1400, 1400, 1400, 1400, 1700, 1700, 1700, 1700, 3.253542, 0.232733, 0.083835, 0.048980
1400, 1400, 1400, 1400, 1600, 1600, 1600, 1600, 4.193280, 0.957582, 0.083697, 0.003955
1400, 1400, 1400, 1400, 1500, 1500, 1500, 1500, 3.627720, 0.966276, 0.083697, 0.003955
1400, 1400, 1400, 1400, 1500, 1500, 1500, 1500, 3.623400, 0.968760, 0.086123, 0.003955
1400, 1400, 1400, 1400, 1500, 1500, 1500, 1500, 3.627720, 0.968760, 0.086123, 0.003955
1400, 1400, 1400, 1400, 1500, 1500, 1500, 1500, 3.630960, 0.971244, 0.086123, 0.004746
1400, 1400, 1400, 1400, 1500, 1500, 1500, 1500, 3.635280, 0.973728, 0.083697, 0.004746
1400, 1400, 1400, 1400, 1500, 1500, 1500, 1500, 3.637440, 0.974970, 0.083697, 0.004746
1400, 1400, 1400, 1400, 1500, 1500, 1500, 1500, 3.636360, 0.976212, 0.083697, 0.004746
1400, 1400, 1400, 1400, 1200, 1200, 1200, 1200, 2.536072, 0.971244, 0.086123, 0.004746
1400, 1400, 1400, 1400, 1200, 1200, 1200, 1200, 2.523928, 0.966276, 0.086123, 0.004746
1400, 1400, 1400, 1400, 1200, 1200, 1200, 1200, 2.518868, 0.962550, 0.084910, 0.003955
1400, 1400, 1400, 1400, 1200, 1200, 1200, 1200, 2.513808, 0.961308, 0.083697, 0.003955
1400, 1400, 1400, 1400, 1200, 1200, 1200, 1200, 2.513808, 0.960839, 0.083697, 0.003955
1400, 1400, 1400, 1400, 1200, 1200, 1200, 1200, 2.510772, 0.960066, 0.083697, 0.003955
1400, 1400, 1400, 1400, 1200, 1200, 1200, 1200, 2.509760, 0.960839, 0.086123, 0.003955
1400, 1400, 1400, 1400, 1200, 1200, 1200, 1200, 2.509760, 0.959596, 0.086123, 0.003955
1400, 1400, 1400, 1400, 1500, 1500, 1500, 1500, 3.325630, 0.971045, 0.084910, 0.022939
1400, 1400, 1400, 1400, 1500, 1500, 1500, 1500, 3.293290, 1.027134, 0.083697, 0.003955
1400, 1400, 1400, 1400, 1500, 1500, 1500, 1500, 3.297602, 1.027134, 0.083697, 0.003955
1400, 1400, 1400, 1400, 1500, 1500, 1500, 1500, 3.299758, 1.030860, 0.084910, 0.003955
1000, 1000, 1000, 1000, 1700, 1700, 1700, 1700, 4.432824, 0.105536, 0.085050, 0.003955
1400, 1400, 1400, 1400, 1500, 1500, 1500, 1500, 4.254488, 0.194752, 0.086265, 0.003955
1400, 1400, 1400, 1400, 1500, 1500, 1500, 1500, 3.299758, 1.035828, 0.086123, 0.004746
1400, 1400, 1400, 1400, 1500, 1500, 1500, 1500, 3.297602, 1.035828, 0.086123, 0.004746
1400, 1400, 1400, 1400, 1500, 1500, 1500, 1500, 3.298680, 1.037070, 0.083697, 0.004746
1000, 1000, 1000, 1000, 1600, 1600, 1600, 1600, 4.436298, 0.265200, 0.085050, 0.004746
1000, 1000, 1000, 1000, 1600, 1600, 1600, 1600, 4.129360, 0.104448, 0.086265, 0.003955
1400, 1400, 1400, 1400, 1500, 1500, 1500, 1500, 4.610165, 1.207493, 0.128896, 0.004746
1400, 1400, 1400, 1400, 1400, 1400, 1400, 1400, 4.092704, 1.201560, 0.125248, 0.004746
1400, 1400, 1400, 1400, 1400, 1400, 1400, 1400, 4.094818, 1.218920, 0.128896, 0.004746
1400, 1400, 1400, 1400, 1400, 1400, 1400, 1400, 4.100103, 1.220160, 0.128896, 0.004746
1400, 1400, 1400, 1400, 1400, 1400, 1400, 1400, 4.107156, 1.211480, 0.124032, 0.004746
1400, 1400, 1400, 1400, 1400, 1400, 1400, 1400, 4.109616, 1.221400, 0.131328, 0.005537
1400, 1400, 1400, 1400, 1400, 1400, 1400, 1400, 4.113504, 1.231320, 0.127680, 0.005537
1400, 1400, 1400, 1400, 1400, 1400, 1400, 1400, 4.071184, 1.235040, 0.127680, 0.005537
1000, 1000, 1000, 1000, 1400, 1400, 1400, 1400, 4.119852, 0.944156, 0.121500, 0.005537
1400, 1400, 1400, 1400, 1200, 1200, 1200, 1200, 3.275584, 1.197840, 0.127680, 0.005537
1400, 1400, 1400, 1400, 1200, 1200, 1200, 1200, 3.259328, 1.199080, 0.125248, 0.005537
1400, 1400, 1400, 1400, 1200, 1200, 1200, 1200, 3.253232, 1.174280, 0.132544, 0.004746
1400, 1400, 1400, 1400, 1400, 1400, 1400, 1400, 4.127585, 1.206520, 0.122816, 0.004746
1400, 1400, 1400, 1400, 1400, 1400, 1400, 1400, 4.140269, 1.220160, 0.125248, 0.005537
1400, 1400, 1400, 1400, 1400, 1400, 1400, 1400, 4.133927, 1.209000, 0.125248, 0.005537
1400, 1400, 1400, 1400, 1400, 1400, 1400, 1400, 4.143440, 1.210240, 0.126464, 0.005537
1400, 1400, 1400, 1400, 1400, 1400, 1400, 1400, 4.145554, 1.226360, 0.124032, 0.005537
1000, 1000, 1000, 1000, 1400, 1400, 1400, 1400, 4.151592, 1.052300, 0.117952, 0.005537
1400, 1400, 1400, 1400, 1500, 1500, 1500, 1500, 2.679975, 0.817894, 0.083697, 0.004746
1400, 1400, 1400, 1400, 1500, 1500, 1500, 1500, 2.655250, 0.810495, 0.083697, 0.004746
1400, 1400, 1400, 1400, 1500, 1500, 1500, 1500, 2.645575, 0.806760, 0.083697, 0.004746
1400, 1400, 1400, 1400, 1500, 1500, 1500, 1500, 2.639125, 0.803025, 0.084910, 0.004746
1400, 1400, 1400, 1400, 1500, 1500, 1500, 1500, 2.633750, 0.800535, 0.084910, 0.004746
1400, 1400, 1400, 1400, 1500, 1500, 1500, 1500, 2.631600, 0.799290, 0.083697, 0.004746
1400, 1400, 1400, 1400, 1500, 1500, 1500, 1500, 2.624075, 0.796800, 0.083697, 0.003955
1400, 1400, 1400, 1400, 1500, 1500, 1500, 1500, 2.627300, 0.795555, 0.083697, 0.003955
1400, 1400, 1400, 1400, 1700, 1700, 1700, 1700, 1.336232, 0.308490, 0.087480, 0.009492
1400, 1400, 1400, 1400, 1600, 1600, 1600, 1600, 3.587804, 1.002294, 0.089762, 0.003955
1400, 1400, 1400, 1400, 1600, 1600, 1600, 1600, 3.593389, 1.008504, 0.089762, 0.004746
1400, 1400, 1400, 1400, 1600, 1600, 1600, 1600, 3.597857, 1.007262, 0.090975, 0.004746
1400, 1400, 1400, 1400, 1600, 1600, 1600, 1600, 3.602325, 1.010988, 0.088549, 0.004746
1400, 1400, 1400, 1400, 1600, 1600, 1600, 1600, 3.604559, 1.010988, 0.088549, 0.004746
1400, 1400, 1400, 1400, 1600, 1600, 1600, 1600, 3.606793, 1.012230, 0.088549, 0.004746
1400, 1400, 1400, 1400, 1500, 1500, 1500, 1500, 3.610144, 1.013472, 0.089762, 0.004746
1400, 1400, 1400, 1400, 1500, 1500, 1500, 1500, 3.102837, 1.009746, 0.089762, 0.004746
1000, 1000, 1000, 1000, 2000, 2000, 2000, 2000, 0.697262, 0.179025, 0.147862, 0.020566
1000, 1000, 1000, 1000, 2000, 2000, 2000, 2000, 2.132680, 0.109000, 0.166328, 0.003955
1000, 1000, 1000, 1000, 2000, 2000, 2000, 2000, 0.422508, 0.233705, 0.086265, 0.047400
1000, 1000, 1000, 1000, 2000, 2000, 2000, 2000, 3.311170, 0.102460, 0.082620, 0.003955
1000, 1000, 1000, 1000, 2000, 2000, 2000, 2000, 3.309855, 0.095920, 0.082620, 0.003955
1000, 1000, 1000, 1000, 2000, 2000, 2000, 2000, 2.933242, 0.104448, 0.140070, 0.003955
1000, 1000, 1000, 1000, 2000, 2000, 2000, 2000, 2.263200, 0.098100, 0.132653, 0.003955
1000, 1000, 1000, 1000, 2000, 2000, 2000, 2000, 2.076350, 0.095920, 0.126568, 0.003955
1000, 1000, 1000, 1000, 2000, 2000, 2000, 2000, 2.962128, 0.097010, 0.192760, 0.003955
1000, 1000, 1000, 1000, 2000, 2000, 2000, 2000, 4.008948, 0.100280, 0.144942, 0.003955
1000, 1000, 1000, 1000, 2000, 2000, 2000, 2000, 4.411440, 0.101370, 0.147378, 0.003955
1000, 1000, 1000, 1000, 1900, 1900, 1900, 1900, 3.451868, 0.098100, 0.082620, 0.003955
1000, 1000, 1000, 1000, 2000, 2000, 2000, 2000, 3.375540, 0.101370, 0.083835, 0.003955
1000, 1000, 1000, 1000, 2000, 2000, 2000, 2000, 3.336155, 0.095920, 0.085050, 0.003955
1000, 1000, 1000, 1000, 2000, 2000, 2000, 2000, 3.175725, 0.102272, 0.151032, 0.003955
1000, 1000, 1000, 1000, 2000, 2000, 2000, 2000, 0.328575, 0.215280, 0.085050, 0.003955
1000, 1000, 1000, 1000, 2000, 2000, 2000, 2000, 2.677792, 0.097010, 0.081405, 0.003955
1000, 1000, 1000, 1000, 2000, 2000, 2000, 2000, 2.675168, 0.093740, 0.081405, 0.003955
1000, 1000, 1000, 1000, 1200, 1200, 1200, 1200, 0.681654, 0.095920, 0.083904, 0.003955
1000, 1000, 1000, 1000, 2000, 2000, 2000, 2000, 2.101288, 0.089380, 0.083835, 0.003955
1000, 1000, 1000, 1000, 2000, 2000, 2000, 2000, 2.734979, 0.092650, 0.083835, 0.003164
1000, 1000, 1000, 1000, 2000, 2000, 2000, 2000, 4.561544, 0.095920, 0.085050, 0.003960
1000, 1000, 1000, 1000, 2000, 2000, 2000, 2000, 4.480980, 0.100280, 0.085050, 0.003955
1000, 1000, 1000, 1000, 2000, 2000, 2000, 2000, 3.761260, 0.097010, 0.083835, 0.003955
1000, 1000, 1000, 1000, 1900, 1900, 1900, 1900, 4.546080, 0.099190, 0.082620, 0.003960
1000, 1000, 1000, 1000, 2000, 2000, 2000, 2000, 4.577118, 0.107712, 0.082620, 0.003955
1000, 1000, 1000, 1000, 2000, 2000, 2000, 2000, 3.262515, 0.103550, 0.085050, 0.003955
1000, 1000, 1000, 1000, 2000, 2000, 2000, 2000, 1.365336, 0.098100, 0.085050, 0.003955
1000, 1000, 1000, 1000, 2000, 2000, 2000, 2000, 1.373463, 0.092650, 0.083835, 0.003955
1000, 1000, 1000, 1000, 2000, 2000, 2000, 2000, 2.736832, 0.095920, 0.085050, 0.003955
1000, 1000, 1000, 1000, 2000, 2000, 2000, 2000, 4.074798, 0.095920, 0.083835, 0.003955
1400, 1400, 1400, 1400, 1700, 1700, 1700, 1700, 3.837288, 0.392285, 0.085050, 0.024521
1400, 1400, 1400, 1400, 1700, 1700, 1700, 1700, 3.499355, 0.793065, 0.082620, 0.003955
1400, 1400, 1400, 1400, 1700, 1700, 1700, 1700, 3.622745, 0.750295, 0.083835, 0.003955
1400, 1400, 1400, 1400, 1700, 1700, 1700, 1700, 3.513191, 0.799290, 0.086123, 0.003955
1400, 1400, 1400, 1400, 1600, 1600, 1600, 1600, 3.442716, 0.800535, 0.086265, 0.003955
1400, 1400, 1400, 1400, 1600, 1600, 1600, 1600, 3.045065, 0.798045, 0.085050, 0.003955
1400, 1400, 1400, 1400, 1700, 1700, 1700, 1700, 3.509732, 0.798045, 0.086265, 0.003955
1400, 1400, 1400, 1400, 1700, 1700, 1700, 1700, 3.516650, 0.800535, 0.083835, 0.003955
1000, 1000, 1000, 1000, 1200, 1200, 1200, 1200, 0.361580, 0.170630, 0.089984, 0.003950
1000, 1000, 1000, 1000, 1200, 1200, 1200, 1200, 0.280047, 0.090470, 0.082688, 0.003955
1000, 1000, 1000, 1000, 1200, 1200, 1200, 1200, 0.491904, 0.174636, 0.092340, 0.003164
1000, 1000, 1000, 1000, 1200, 1200, 1200, 1200, 0.274720, 0.085020, 0.085120, 0.003164
1000, 1000, 1000, 1000, 2000, 2000, 2000, 2000, 2.760448, 0.086110, 0.083835, 0.003164
1000, 1000, 1000, 1000, 1200, 1200, 1200, 1200, 2.837856, 0.130188, 0.094848, 0.003164
1000, 1000, 1000, 1000, 1200, 1200, 1200, 1200, 0.277014, 0.085020, 0.086336, 0.003160
1000, 1000, 1000, 1000, 1200, 1200, 1200, 1200, 0.269937, 0.105312, 0.082688, 0.002373
1000, 1000, 1000, 1000, 1200, 1200, 1200, 1200, 0.266640, 0.079570, 0.083904, 0.002370
1000, 1000, 1000, 1000, 1200, 1200, 1200, 1200, 0.264882, 0.161304, 0.102144, 0.002373
1000, 1000, 1000, 1000, 1200, 1200, 1200, 1200, 0.263871, 0.077390, 0.085050, 0.002373
1000, 1000, 1000, 1000, 1200, 1200, 1200, 1200, 0.264882, 0.074120, 0.082620, 0.002373
1000, 1000, 1000, 1000, 1200, 1200, 1200, 1200, 0.262860, 0.077390, 0.083904, 0.002370
1000, 1000, 1000, 1000, 1200, 1200, 1200, 1200, 0.262860, 0.074120, 0.083904, 0.002373
1000, 1000, 1000, 1000, 2000, 2000, 2000, 2000, 2.758613, 0.075210, 0.083835, 0.002373
1000, 1000, 1000, 1000, 1200, 1200, 1200, 1200, 2.809820, 0.106502, 0.085050, 0.002373
1000, 1000, 1000, 1000, 1200, 1200, 1200, 1200, 0.266904, 0.079570, 0.085050, 0.002373
1000, 1000, 1000, 1000, 1200, 1200, 1200, 1200, 0.265893, 0.076300, 0.083835, 0.002373
1000, 1000, 1000, 1000, 1200, 1200, 1200, 1200, 0.280047, 0.079570, 0.085120, 0.002373
1000, 1000, 1000, 1000, 1200, 1200, 1200, 1200, 0.769230, 0.178785, 0.099712, 0.002373
1000, 1000, 1000, 1000, 1200, 1200, 1200, 1200, 0.262860, 0.075210, 0.083904, 0.002373
1000, 1000, 1000, 1000, 1200, 1200, 1200, 1200, 0.263871, 0.074120, 0.083835, 0.002373
1000, 1000, 1000, 1000, 1200, 1200, 1200, 1200, 0.263871, 0.076300, 0.086265, 0.002373
1000, 1000, 1000, 1000, 1200, 1200, 1200, 1200, 0.262860, 0.126873, 0.088695, 0.002373
1000, 1000, 1000, 1000, 1200, 1200, 1200, 1200, 0.266904, 0.109181, 0.161994, 0.413116
1000, 1000, 1000, 1000, 1200, 1200, 1200, 1200, 0.266904, 0.097020, 0.150060, 0.168418
1000, 1000, 1000, 1000, 1200, 1200, 1200, 1200, 0.267915, 0.107019, 0.163212, 0.255775
1000, 1000, 1000, 1000, 1200, 1200, 1200, 1200, 0.266904, 0.098280, 0.188635, 0.371936
1000, 1000, 1000, 1000, 1200, 1200, 1200, 1200, 0.266904, 0.121072, 0.205673, 0.228230
1000, 1000, 1000, 1000, 1200, 1200, 1200, 1200, 0.264882, 0.156240, 0.188790, 0.170562
1000, 1000, 1000, 1000, 1200, 1200, 1200, 1200, 0.264882, 0.195125, 0.156160, 0.167418
1000, 1000, 1000, 1000, 1200, 1200, 1200, 1200, 0.266904, 0.163050, 0.140300, 0.272302
1000, 1000, 1000, 1000, 1200, 1200, 1200, 1200, 0.267915, 0.128877, 0.147620, 0.371936
1000, 1000, 1000, 1000, 1200, 1200, 1200, 1200, 0.265893, 0.100440, 0.184984, 0.254988
1000, 1000, 1000, 1000, 1200, 1200, 1200, 1200, 0.267915, 0.120512, 0.211060, 0.840313
1000, 1000, 1000, 1000, 1200, 1200, 1200, 1200, 0.268926, 0.158466, 0.209324, 1.157838
1000, 1000, 1000, 1000, 1200, 1200, 1200, 1200, 0.268660, 0.139880, 0.223928, 1.058538
1000, 1000, 1000, 1000, 1200, 1200, 1200, 1200, 0.270948, 0.187920, 0.171597, 0.751842
1000, 1000, 1000, 1000, 1200, 1200, 1200, 1200, 0.270680, 0.196924, 0.177682, 1.122090
1000, 1000, 1000, 1000, 1200, 1200, 1200, 1200, 0.272970, 0.160230, 0.236098, 1.126062
1000, 1000, 1000, 1000, 1200, 1200, 1200, 1200, 0.271959, 0.156950, 0.220277, 1.075419
1000, 1000, 1000, 1000, 1200, 1200, 1200, 1200, 0.271959, 0.178782, 0.198371, 1.132020
1000, 1000, 1000, 1000, 1200, 1200, 1200, 1200, 0.272970, 0.195661, 0.189852, 1.179684
1000, 1000, 1000, 1000, 1200, 1200, 1200, 1200, 0.271959, 0.183260, 0.195937, 1.143936
1000, 1000, 1000, 1000, 1200, 1200, 1200, 1200, 0.272700, 0.198904, 0.189852, 1.184649
1000, 1000, 1000, 1000, 1200, 1200, 1200, 1200, 0.273710, 0.190256, 0.194720, 1.035699
1000, 1000, 1000, 1000, 1200, 1200, 1200, 1200, 0.273710, 0.169560, 0.220277, 1.175712
1000, 1000, 1000, 1000, 1200, 1200, 1200, 1200, 0.780912, 0.276398, 0.205128, 0.232165
1500, 1500, 1500, 1500, 1200, 1200, 1200, 1200, 1.114848, 0.194722, 0.174460, 0.174714
1000, 1000, 1000, 1000, 2000, 2000, 2000, 2000, 0.430317, 0.275176, 0.129108, 0.112541
1000, 1000, 1000, 1000, 2000, 2000, 2000, 2000, 2.345379, 0.095920, 0.105879, 0.084637
1500, 1500, 1500, 1500, 1200, 1200, 1200, 1200, 0.278760, 0.165240, 0.375144, 2.471072
1000, 1000, 1000, 1000, 1200, 1200, 1200, 1200, 0.324210, 0.163704, 0.369968, 2.653445
1000, 1000, 1000, 1000, 1200, 1200, 1200, 1200, 0.281790, 0.169089, 0.362964, 2.684662
1000, 1000, 1000, 1000, 1200, 1200, 1200, 1200, 0.282800, 0.186840, 0.368440, 2.626256
1000, 1000, 1000, 1000, 1200, 1200, 1200, 1200, 0.453600, 0.189468, 0.375760, 2.624242
1000, 1000, 1000, 1000, 1600, 1600, 1600, 1600, 0.860002, 0.178530, 0.392840, 2.706480
1000, 1000, 1000, 1000, 1600, 1600, 1600, 1600, 0.962946, 0.177612, 0.387324, 2.687328
1000, 1000, 1000, 1000, 1600, 1600, 1600, 1600, 0.997112, 0.174202, 0.379420, 2.687610
1000, 1000, 1000, 1000, 1600, 1200, 1200, 1200, 0.968434, 0.178530, 0.388542, 2.693376
1000, 1000, 1000, 1000, 1600, 1600, 1600, 1600, 1.037923, 0.179446, 0.390400, 2.645389
1000, 1000, 1000, 1000, 1600, 1600, 1600, 1600, 1.077631, 0.178365, 0.411814, 2.599504
1000, 1000, 1000, 1000, 1600, 1600, 1600, 1600, 1.086455, 0.181608, 0.412151, 2.179845
1000, 1000, 1000, 1000, 1200, 1200, 1200, 1200, 0.293910, 0.173880, 0.413580, 2.713536
1000, 1000, 1000, 1000, 1200, 1200, 1200, 1200, 0.290880, 0.187398, 0.413919, 2.665529
1000, 1000, 1000, 1000, 1200, 1200, 1200, 1200, 0.291890, 0.189552, 0.455806, 2.597053
1000, 1000, 1000, 1000, 1200, 1200, 1200, 1200, 0.290880, 0.191136, 0.469248, 2.536633
1000, 1000, 1000, 1000, 1200, 1200, 1200, 1200, 0.289870, 0.183090, 0.448474, 2.614172
1000, 1000, 1000, 1000, 1200, 1200, 1200, 1200, 0.289870, 0.178782, 0.438339, 2.625249
1100, 1100, 1100, 1100, 1200, 1200, 1200, 1200, 0.297950, 0.177612, 0.431013, 2.635319
1000, 1000, 1000, 1000, 1200, 1200, 1200, 1200, 0.288860, 0.179859, 0.440781, 2.557780
1000, 1000, 1000, 1000, 1200, 1300, 1300, 1300, 0.400176, 0.253316, 0.442002, 2.599632
1000, 1000, 1000, 1000, 1400, 1400, 1500, 1500, 0.728014, 0.174202, 0.446030, 2.638340
1000, 1000, 1000, 1000, 1600, 1600, 1600, 1600, 0.734240, 0.172960, 0.452991, 2.623235
1000, 1000, 1000, 1000, 1600, 1600, 1600, 1600, 0.977258, 0.176366, 0.454584, 2.591011
1000, 1000, 1000, 1000, 1200, 1300, 1300, 1300, 0.642209, 0.170031, 0.422466, 2.690352
1000, 1000, 1000, 1000, 1400, 1400, 1400, 1400, 0.752235, 0.158907, 0.428571, 2.709504
1000, 1000, 1000, 1000, 1400, 1400, 1400, 1400, 0.631605, 0.162300, 0.418803, 2.718920
1000, 1000, 1000, 1000, 1400, 1400, 1400, 1400, 0.629459, 0.160284, 0.410256, 2.721950
1000, 1000, 1000, 1000, 1200, 1200, 1200, 1200, 0.581742, 0.162450, 0.412360, 2.713870
1000, 1000, 1000, 1000, 1600, 1600, 1600, 1600, 0.731400, 0.152562, 0.433100, 2.710840
1000, 1000, 1000, 1000, 1300, 1300, 1300, 1300, 0.712760, 0.164464, 0.455433, 2.664144
1000, 1000, 1000, 1000, 1200, 1200, 1200, 1200, 0.708975, 0.172960, 0.450918, 2.669184
1000, 1000, 1000, 1000, 1600, 1600, 1600, 1600, 1.059162, 0.184680, 0.478975, 2.491318
1000, 1000, 1000, 1000, 1600, 1600, 1600, 1600, 1.073219, 0.176040, 0.435388, 2.021448
1000, 1000, 1000, 1000, 1600, 1600, 1600, 1600, 1.131416, 0.184851, 0.432425, 1.944960
1000, 1000, 1000, 1000, 1600, 1600, 1600, 1600, 1.053365, 0.186104, 0.397475, 1.821820
1000, 1000, 1000, 1000, 1600, 1600, 1600, 1600, 1.163900, 0.178530, 0.383425, 1.239690
1000, 1000, 1000, 1000, 2000, 2000, 2000, 2000, 1.620772, 0.185193, 0.392583, 1.160352
1000, 1000, 1000, 1000, 1600, 1600, 1600, 1600, 1.137708, 0.187186, 0.387100, 1.284780
1000, 1000, 1000, 1000, 1600, 1600, 1600, 1600, 1.086215, 0.185022, 0.390775, 1.374030
1000, 1000, 1000, 1000, 1900, 1900, 1900, 1900, 1.300278, 0.178365, 0.407925, 1.276928
1000, 1000, 1000, 1000, 1600, 1600, 1600, 1600, 1.075165, 0.167400, 0.409150, 1.354148
1000, 1000, 1000, 1000, 1700, 1700, 1800, 1800, 1.385304, 0.180527, 0.381286, 1.172080
1000, 1000, 1000, 1000, 2000, 2000, 2000, 2000, 2.076350, 0.190256, 0.395998, 1.084482
1000, 1000, 1000, 1000, 1600, 1600, 1600, 1600, 1.645518, 0.190080, 0.389868, 1.250280
1000, 1000, 1000, 1000, 1200, 1200, 1200, 1200, 1.313006, 0.280347, 0.191069, 0.423808
1000, 1000, 1000, 1000, 1200, 1200, 1200, 1200, 0.295212, 0.190806, 0.154559, 0.144021
1000, 1000, 1000, 1000, 1200, 1200, 1200, 1200, 0.280047, 0.166935, 0.159296, 0.264882
1000, 1000, 1000, 1000, 1200, 1200, 1200, 1200, 0.534186, 0.279062, 0.121600, 0.030810
1000, 1000, 1000, 1000, 1200, 1200, 1200, 1200, 0.271959, 0.087200, 0.086265, 0.003164
1000, 1000, 1000, 1000, 1200, 1200, 1200, 1200, 0.269937, 0.082840, 0.085050, 0.002370
1000, 1000, 1000, 1000, 1200, 1200, 1200, 1200, 0.267915, 0.079570, 0.082620, 0.002370
1000, 1000, 1000, 1000, 1200, 1200, 1200, 1200, 0.267915, 0.079570, 0.082620, 0.002370
1000, 1000, 1000, 1000, 1200, 1200, 1200, 1200, 0.266904, 0.085200, 0.086265, 0.002373
1000, 1000, 1000, 1000, 1200, 1200, 1200, 1200, 0.265893, 0.077390, 0.082620, 0.002373
1000, 1000, 1000, 1000, 1200, 1200, 1200, 1200, 0.265893, 0.076300, 0.085050, 0.002373
1000, 1000, 1000, 1000, 1200, 1200, 1200, 1200, 0.264882, 0.076300, 0.086265, 0.002373
1000, 1000, 1000, 1000, 1200, 1200, 1200, 1200, 0.263871, 0.076300, 0.086265, 0.002373
1000, 1000, 1000, 1000, 1200, 1200, 1200, 1200, 0.263871, 0.076300, 0.085050, 0.002370
1000, 1000, 1000, 1000, 1200, 1200, 1200, 1200, 0.264882, 0.078480, 0.083835, 0.002373
1000, 1000, 1000, 1000, 1200, 1200, 1200, 1200, 0.262860, 0.074120, 0.082620, 0.002373
1000, 1000, 1000, 1000, 1200, 1200, 1200, 1200, 0.263871, 0.075210, 0.083835, 0.002373
1000, 1000, 1000, 1000, 1200, 1200, 1200, 1200, 0.263871, 0.074120, 0.082620, 0.002373
1000, 1000, 1000, 1000, 1200, 1200, 1200, 1200, 0.264882, 0.074120, 0.083835, 0.002373
1000, 1000, 1000, 1000, 1200, 1200, 1200, 1200, 0.264882, 0.074120, 0.085050, 0.002373
1000, 1000, 1000, 1000, 1200, 1200, 1200, 1200, 0.262860, 0.075210, 0.085050, 0.002373
1000, 1000, 1000, 1000, 1200, 1200, 1200, 1200, 0.262860, 0.075210, 0.085050, 0.002373
1000, 1000, 1000, 1000, 1200, 1200, 1200, 1200, 0.262860, 0.075210, 0.083835, 0.002373
1000, 1000, 1000, 1000, 1200, 1200, 1200, 1200, 0.263871, 0.075210, 0.083835, 0.002373
1000, 1000, 1000, 1000, 1200, 1200, 1200, 1200, 0.263871, 0.074120, 0.083835, 0.002373
1000, 1000, 1000, 1000, 1200, 1200, 1200, 1200, 0.262600, 0.074120, 0.082620, 0.002370
1000, 1000, 1000, 1000, 1200, 1200, 1200, 1200, 0.263871, 0.074120, 0.083835, 0.002373
1000, 1000, 1000, 1000, 1200, 1200, 1200, 1200, 0.262600, 0.074120, 0.085050, 0.002373
1000, 1000, 1000, 1000, 1200, 1200, 1200, 1200, 0.262600, 0.075210, 0.086265, 0.002373
1000, 1000, 1000, 1000, 1200, 1200, 1200, 1200, 0.263871, 0.075210, 0.083835, 0.002373
1000, 1000, 1000, 1000, 1200, 1200, 1200, 1200, 0.263871, 0.074120, 0.083835, 0.002373
1000, 1000, 1000, 1000, 1200, 1200, 1200, 1200, 0.262860, 0.074120, 0.085050, 0.002373
1000, 1000, 1000, 1000, 1200, 1200, 1200, 1200, 0.263871, 0.074120, 0.086265, 0.002373
1000, 1000, 1000, 1000, 1200, 1200, 1200, 1200, 0.264620, 0.075210, 0.085050, 0.002373
1000, 1000, 1000, 1000, 1200, 1200, 1200, 1200, 0.263871, 0.075210, 0.086265, 0.002373
1000, 1000, 1000, 1000, 1200, 1200, 1200, 1200, 0.263871, 0.075210, 0.085050, 0.002373
1000, 1000, 1000, 1000, 1200, 1200, 1200, 1200, 0.263871, 0.074120, 0.083835, 0.002373
1000, 1000, 1000, 1000, 1200, 1200, 1200, 1200, 0.263871, 0.075210, 0.083835, 0.002370
1000, 1000, 1000, 1000, 1200, 1200, 1200, 1200, 0.263871, 0.075210, 0.083835, 0.002370
1000, 1000, 1000, 1000, 1200, 1200, 1200, 1200, 0.262600, 0.075210, 0.085050, 0.002373
1000, 1000, 1000, 1000, 1200, 1200, 1200, 1200, 0.263871, 0.074120, 0.086265, 0.002373
1000, 1000, 1000, 1000, 1200, 1200, 1200, 1200, 0.264882, 0.075210, 0.086265, 0.002373
1000, 1000, 1000, 1000, 1200, 1200, 1200, 1200, 0.263871, 0.075210, 0.083835, 0.002370
1000, 1000, 1000, 1000, 1200, 1200, 1200, 1200, 0.263871, 0.075210, 0.086265, 0.002373
