CPU0_FREQ, CPU1_FREQ, CPU2_FREQ, CPU3_FREQ, CPU4_FREQ, CPU5_FREQ, CPU6_FREQ, CPU7_FREQ, A15_W, A7_W, MEM_W, GPU_W
1000, 1000, 1000, 1000, 1200, 1200, 1200, 1200, 0.266904, 0.077390, 0.088695, 0.002370
1000, 1000, 1000, 1000, 1200, 1200, 1200, 1200, 0.266904, 0.077390, 0.086265, 0.002370
1000, 1000, 1000, 1000, 1200, 1200, 1200, 1200, 0.266904, 0.078480, 0.088695, 0.002370
1000, 1000, 1000, 1000, 1200, 1200, 1200, 1200, 0.268926, 0.196385, 0.118049, 0.147956
1000, 1000, 1000, 1000, 1200, 1200, 1200, 1200, 0.267650, 0.084864, 0.092340, 0.002370
1000, 1000, 1000, 1000, 2000, 2000, 2000, 2000, 1.815255, 0.140352, 0.157122, 0.206456
1000, 1000, 1000, 1000, 1200, 1200, 1200, 1200, 1.828584, 0.384085, 0.228984, 0.222438
1500, 1500, 1500, 1500, 2000, 2000, 2000, 2000, 1.858662, 0.092480, 0.121600, 0.020566
1000, 1000, 1000, 1000, 1200, 1200, 1200, 1200, 0.283810, 0.116856, 0.218380, 0.198072
1500, 1500, 1500, 1500, 1200, 1200, 1200, 1200, 0.278025, 0.143220, 0.220277, 0.237372
1000, 1000, 1000, 1000, 2000, 2000, 2000, 2000, 2.234860, 0.104448, 0.149568, 0.072680
1000, 1000, 1000, 1000, 2000, 2000, 2000, 2000, 2.435838, 0.099008, 0.152250, 0.033970
1000, 1000, 1000, 1000, 2000, 2000, 2000, 2000, 2.450259, 0.104352, 0.158210, 0.071890
1000, 1000, 1000, 1000, 2000, 2000, 2000, 2000, 2.480412, 0.098826, 0.143606, 0.155630
1000, 1000, 1000, 1000, 2000, 2000, 2000, 2000, 2.832141, 0.094656, 0.095985, 0.018984
1000, 1000, 1000, 1000, 2000, 2000, 2000, 2000, 2.526297, 0.102178, 0.166592, 0.156420
1000, 1000, 1000, 1000, 2000, 2000, 2000, 2000, 1.895202, 0.343101, 0.355656, 1.005700
1000, 1000, 1000, 1000, 1200, 1200, 1200, 1200, 0.577444, 0.176617, 0.194560, 0.844560
1000, 1000, 1000, 1000, 1200, 1200, 1200, 1200, 0.280047, 0.169572, 0.210541, 0.330540
1000, 1000, 1000, 1000, 1600, 1500, 1500, 1500, 0.771680, 0.205580, 0.308660, 1.165834
1000, 1000, 1000, 1000, 1500, 1500, 1500, 1500, 0.695388, 0.177120, 0.330620, 1.499108
1000, 1000, 1000, 1000, 1800, 1800, 1800, 1800, 0.868824, 0.149703, 0.322080, 1.460064
1000, 1000, 1000, 1000, 1800, 1800, 1800, 1800, 1.607199, 0.166780, 0.326424, 1.033980
1000, 1000, 1000, 1000, 1600, 1600, 1600, 1600, 1.238692, 0.150780, 0.273504, 1.028764
1000, 1000, 1000, 1000, 1600, 1600, 1600, 1600, 1.314988, 0.162778, 0.367822, 1.702012
1000, 1000, 1000, 1000, 1600, 1600, 1600, 1600, 1.113840, 0.199800, 0.371185, 1.649004
1000, 1000, 1000, 1000, 1200, 1200, 1200, 1200, 0.504000, 0.169260, 0.299136, 0.917745
1000, 1000, 1000, 1000, 1200, 1200, 1200, 1200, 0.394128, 0.145935, 0.291102, 1.315062
1000, 1000, 1000, 1000, 1200, 1200, 1200, 1200, 0.442640, 0.125396, 0.283794, 1.854815
1000, 1000, 1000, 1000, 1200, 1200, 1200, 1200, 0.444210, 0.139578, 0.296460, 1.202016
1000, 1000, 1000, 1000, 1200, 1200, 1200, 1200, 0.578450, 0.167244, 0.329670, 0.994257
1000, 1000, 1000, 1000, 1200, 1200, 1200, 1200, 0.696660, 0.187186, 0.350427, 1.013232
1000, 1000, 1000, 1000, 1200, 1200, 1200, 1200, 0.586810, 0.184450, 0.352580, 1.592632
1000, 1000, 1000, 1000, 1200, 1200, 1200, 1200, 0.495444, 0.186620, 0.337386, 2.094784
1000, 1000, 1000, 1000, 1200, 1200, 1200, 1200, 0.549822, 0.178530, 0.296460, 1.398600
1000, 1000, 1000, 1000, 1200, 1200, 1200, 1200, 0.640340, 0.149178, 0.310134, 1.501832
1000, 1000, 1000, 1000, 1200, 1200, 1200, 1200, 0.624180, 0.138240, 0.312832, 1.730556
1000, 1000, 1000, 1000, 1200, 1200, 1200, 1200, 0.603980, 0.154726, 0.307944, 1.234848
1000, 1000, 1000, 1000, 1200, 1200, 1200, 1200, 0.463680, 0.181195, 0.321552, 1.665300
1000, 1000, 1000, 1000, 1200, 1200, 1200, 1200, 0.604990, 0.155520, 0.328860, 1.671670
1000, 1000, 1000, 1000, 1300, 1300, 1300, 1300, 0.600950, 0.173120, 0.312320, 1.227072
1000, 1000, 1000, 1000, 1200, 1200, 1200, 1200, 0.513072, 0.151340, 0.302808, 1.288050
1000, 1000, 1000, 1000, 1200, 1200, 1200, 1200, 0.481395, 0.163231, 0.288666, 2.063264
1000, 1000, 1000, 1000, 1200, 1200, 1200, 1200, 0.493946, 0.121184, 0.304500, 1.231035
1000, 1000, 1000, 1000, 1200, 1200, 1200, 1200, 0.439185, 0.139707, 0.356824, 1.928192
1000, 1000, 1000, 1000, 1200, 1200, 1200, 1200, 0.583480, 0.160728, 0.408482, 2.063884
1000, 1000, 1000, 1000, 1300, 1300, 1300, 1300, 0.632260, 0.198720, 0.289884, 1.855986
1000, 1000, 1000, 1000, 1200, 1200, 1200, 1200, 0.739200, 0.185416, 0.352869, 2.229650
1000, 1000, 1000, 1000, 1500, 1500, 1500, 1500, 0.781200, 0.174312, 0.380921, 2.640135
1000, 1000, 1000, 1000, 1400, 1400, 1400, 1400, 0.856496, 0.160473, 0.358680, 2.788875
1000, 1000, 1000, 1000, 1200, 1200, 1200, 1200, 0.801206, 0.168012, 0.349492, 2.498473
1000, 1000, 1000, 1000, 1200, 1200, 1200, 1200, 0.622808, 0.163080, 0.371488, 1.868130
1000, 1000, 1000, 1000, 1300, 1300, 1300, 1300, 0.639408, 0.191136, 0.341880, 0.963690
1000, 1000, 1000, 1000, 1200, 1200, 1200, 1200, 0.605955, 0.156745, 0.301340, 1.388660
1000, 1000, 1000, 1000, 1200, 1200, 1200, 1200, 0.600950, 0.138240, 0.312320, 1.453270
1000, 1000, 1000, 1000, 1200, 1200, 1200, 1200, 0.610242, 0.175714, 0.347985, 2.128500
1000, 1000, 1000, 1000, 1200, 1200, 1200, 1200, 0.503461, 0.180861, 0.327228, 1.524384
1000, 1000, 1000, 1000, 1200, 1200, 1200, 1200, 0.518580, 0.184450, 0.299390, 1.220740
1000, 1000, 1000, 1000, 1300, 1300, 1300, 1300, 0.689502, 0.195842, 0.337940, 1.824100
1000, 1000, 1000, 1000, 1300, 1300, 1300, 1300, 0.669944, 0.208826, 0.308154, 1.910784
1000, 1000, 1000, 1000, 1200, 1200, 1200, 1200, 0.429135, 0.188094, 0.317200, 1.231769
1000, 1000, 1000, 1000, 1200, 1200, 1200, 1200, 0.445658, 0.152421, 0.323830, 1.542692
1000, 1000, 1000, 1000, 1200, 1200, 1200, 1200, 0.426275, 0.136080, 0.307944, 1.695183
1000, 1000, 1000, 1000, 1200, 1200, 1200, 1200, 0.557324, 0.156745, 0.302808, 1.054584
1000, 1000, 1000, 1000, 1200, 1200, 1200, 1200, 0.580750, 0.176529, 0.286935, 0.891702
1000, 1000, 1000, 1000, 1200, 1200, 1200, 1200, 0.424200, 0.186792, 0.282576, 1.103893
1000, 1000, 1000, 1000, 1200, 1200, 1200, 1200, 0.575700, 0.172515, 0.322344, 0.919926
1000, 1000, 1000, 1000, 1200, 1200, 1200, 1200, 0.567620, 0.159054, 0.231990, 0.937384
1000, 1000, 1000, 1000, 1200, 1200, 1200, 1200, 0.444528, 0.153502, 0.211406, 1.227348
1000, 1000, 1000, 1000, 1200, 1200, 1200, 1200, 0.439488, 0.145935, 0.300120, 1.343760
1000, 1000, 1000, 1000, 1200, 1200, 1200, 1200, 0.512563, 0.173280, 0.294020, 1.734408
1000, 1000, 1000, 1000, 1200, 1200, 1200, 1200, 0.483405, 0.183365, 0.301568, 1.111121
1000, 1000, 1000, 1000, 1200, 1200, 1200, 1200, 0.609030, 0.163382, 0.372100, 1.877584
1000, 1000, 1000, 1000, 1200, 1200, 1200, 1200, 0.531168, 0.156745, 0.334950, 2.881350
1000, 1000, 1000, 1000, 1300, 1300, 1300, 1300, 0.727272, 0.125048, 0.373619, 2.436198
1000, 1000, 1000, 1000, 1500, 1500, 1500, 1600, 0.816410, 0.139449, 0.446272, 2.736951
1000, 1000, 1000, 1000, 1600, 1600, 1600, 1600, 0.837529, 0.129360, 0.386152, 2.969307
1000, 1000, 1000, 1000, 1200, 1200, 1200, 1200, 0.603980, 0.158760, 0.274725, 1.673444
1000, 1000, 1000, 1000, 1200, 1200, 1200, 1200, 0.615090, 0.178695, 0.294756, 1.104730
1000, 1000, 1000, 1000, 1200, 1200, 1200, 1200, 0.507024, 0.186620, 0.315980, 1.216185
1000, 1000, 1000, 1000, 1200, 1200, 1200, 1200, 0.508032, 0.151340, 0.288156, 1.180960
1000, 1000, 1000, 1000, 1200, 1200, 1200, 1200, 0.594890, 0.150259, 0.263736, 0.909342
1000, 1000, 1000, 1000, 1200, 1200, 1200, 1200, 0.618912, 0.160136, 0.304029, 1.225098
1000, 1000, 1000, 1000, 1200, 1200, 1200, 1200, 0.553850, 0.184450, 0.324786, 1.539010
1000, 1000, 1000, 1000, 1200, 1200, 1200, 1200, 0.510527, 0.174202, 0.335500, 1.938000
1000, 1000, 1000, 1000, 1200, 1200, 1200, 1200, 0.606015, 0.195480, 0.284260, 1.633507
1000, 1000, 1000, 1000, 1200, 1200, 1200, 1200, 0.648970, 0.186620, 0.276940, 1.159396
1000, 1000, 1000, 1000, 1200, 1200, 1200, 1200, 0.617110, 0.159054, 0.284726, 1.242210
1000, 1000, 1000, 1000, 1200, 1200, 1200, 1200, 0.476784, 0.145800, 0.285714, 1.253663
1000, 1000, 1000, 1000, 1200, 1200, 1200, 1200, 0.369936, 0.152421, 0.263736, 1.032240
1000, 1000, 1000, 1000, 1200, 1200, 1200, 1200, 0.476311, 0.164616, 0.310134, 1.069534
1000, 1000, 1000, 1000, 1200, 1200, 1200, 1200, 0.615672, 0.185193, 0.387057, 1.156970
1000, 1000, 1000, 1000, 1500, 1500, 1500, 1500, 0.645120, 0.181195, 0.366618, 1.364265
1000, 1000, 1000, 1000, 1400, 1400, 1400, 1400, 0.782995, 0.203604, 0.320334, 1.683665
1000, 1000, 1000, 1000, 1500, 1500, 1500, 1500, 0.847470, 0.167090, 0.349492, 1.527045
1000, 1000, 1000, 1000, 1700, 1700, 1700, 1700, 0.720694, 0.138240, 0.400816, 1.246704
1000, 1000, 1000, 1000, 1800, 1800, 1800, 1800, 1.193390, 0.156745, 0.402038, 1.119024
1000, 1000, 1000, 1000, 1600, 1600, 1600, 1600, 0.944168, 0.168168, 0.389440, 1.860376
1000, 1000, 1000, 1000, 1400, 1400, 1400, 1400, 0.705549, 0.208826, 0.365100, 2.237048
1000, 1000, 1000, 1000, 1200, 1200, 1200, 1200, 0.535248, 0.179612, 0.327642, 2.011858
1000, 1000, 1000, 1000, 1200, 1200, 1200, 1200, 0.627210, 0.151340, 0.288392, 1.799980
1000, 1000, 1000, 1000, 1200, 1200, 1200, 1200, 0.567504, 0.176529, 0.305500, 1.801623
1000, 1000, 1000, 1000, 1200, 1200, 1200, 1200, 0.283810, 0.175122, 0.234240, 0.810690
1000, 1000, 1000, 1000, 1200, 1200, 1200, 1200, 0.280780, 0.166320, 0.262515, 1.144800
1000, 1000, 1000, 1000, 1200, 1200, 1200, 1200, 0.402192, 0.136080, 0.320334, 2.318649
1000, 1000, 1000, 1000, 1300, 1300, 1300, 1300, 0.477375, 0.175284, 0.276940, 2.640080
1000, 1000, 1000, 1000, 1200, 1200, 1300, 1300, 0.534186, 0.183940, 0.302064, 2.497212
1000, 1000, 1000, 1000, 1200, 1200, 1200, 1200, 0.511566, 0.184851, 0.280600, 3.024950
1000, 1000, 1000, 1000, 1200, 1200, 1200, 1200, 0.453255, 0.170798, 0.273504, 1.976205
1000, 1000, 1000, 1000, 1200, 1200, 1200, 1200, 0.501984, 0.208826, 0.259860, 2.958480
1000, 1000, 1000, 1000, 1200, 1200, 1200, 1200, 0.356832, 0.216897, 0.253344, 2.826432
1000, 1000, 1000, 1000, 1200, 1200, 1200, 1200, 0.429408, 0.193857, 0.279380, 1.248928
1000, 1000, 1000, 1000, 1200, 1200, 1200, 1200, 0.480816, 0.187878, 0.279609, 0.920808
1000, 1000, 1000, 1000, 1200, 1200, 1200, 1200, 0.500976, 0.173280, 0.277167, 1.243972
1000, 1000, 1000, 1000, 1200, 1200, 1200, 1200, 0.593880, 0.191337, 0.184371, 1.108785
1000, 1000, 1000, 1000, 1200, 1200, 1200, 1200, 0.580750, 0.180026, 0.204074, 1.078580
1000, 1000, 1000, 1000, 1200, 1200, 1200, 1200, 0.521595, 0.198720, 0.257420, 1.052448
1000, 1000, 1000, 1000, 1200, 1200, 1200, 1200, 0.560899, 0.194760, 0.310134, 2.856280
1000, 1000, 1000, 1000, 1200, 1200, 1200, 1200, 0.602910, 0.182182, 0.381234, 2.567420
1000, 1000, 1000, 1000, 1500, 1500, 1500, 1500, 0.656880, 0.174474, 0.368751, 3.165318
1000, 1000, 1000, 1000, 1300, 1300, 1300, 1300, 0.710359, 0.189875, 0.314760, 2.042012
1000, 1000, 1000, 1000, 1300, 1300, 1300, 1300, 0.754692, 0.180861, 0.384022, 1.344200
1000, 1000, 1000, 1000, 1200, 1200, 1200, 1200, 0.452364, 0.150120, 0.360195, 2.288187
1000, 1000, 1000, 1000, 1200, 1200, 1200, 1200, 0.617291, 0.167555, 0.371490, 2.438072
1000, 1000, 1000, 1000, 1200, 1200, 1200, 1200, 0.588672, 0.186276, 0.379704, 1.924800
1000, 1000, 1000, 1000, 1200, 1200, 1200, 1200, 0.474832, 0.189525, 0.371490, 2.212592
1000, 1000, 1000, 1000, 1200, 1200, 1200, 1200, 0.484449, 0.169717, 0.345260, 2.262383
1000, 1000, 1000, 1000, 1200, 1200, 1200, 1200, 0.563805, 0.180861, 0.349492, 1.866813
1000, 1000, 1000, 1000, 1200, 1200, 1200, 1200, 0.645120, 0.154583, 0.358339, 1.334576
1000, 1000, 1000, 1000, 1200, 1200, 1200, 1200, 0.594890, 0.153502, 0.264740, 1.211400
1000, 1000, 1000, 1000, 1200, 1200, 1200, 1200, 0.465610, 0.166158, 0.309372, 1.292720
1000, 1000, 1000, 1000, 1200, 1200, 1200, 1200, 0.354510, 0.176529, 0.336720, 0.974386
1000, 1000, 1000, 1000, 1200, 1200, 1200, 1200, 0.447225, 0.183365, 0.318681, 1.191680
1000, 1000, 1000, 1000, 1200, 1200, 1200, 1200, 0.590688, 0.175932, 0.322344, 1.503125
1000, 1000, 1000, 1000, 1200, 1200, 1200, 1200, 0.356124, 0.147152, 0.313600, 1.504200
1000, 1000, 1000, 1000, 1200, 1200, 1200, 1200, 0.437175, 0.151480, 0.337272, 1.298715
1000, 1000, 1000, 1000, 1200, 1200, 1200, 1200, 0.615904, 0.149178, 0.352580, 2.055740
1000, 1000, 1000, 1000, 1200, 1200, 1200, 1200, 0.543705, 0.165546, 0.355995, 2.002806
1000, 1000, 1000, 1000, 1200, 1200, 1200, 1200, 0.644480, 0.175284, 0.347776, 2.772060
1000, 1000, 1000, 1000, 1200, 1200, 1200, 1200, 0.461754, 0.186276, 0.396742, 2.903316
1000, 1000, 1000, 1000, 1200, 1200, 1200, 1200, 0.518090, 0.156745, 0.385789, 2.713870
1000, 1000, 1000, 1000, 1200, 1200, 1200, 1200, 0.471814, 0.158907, 0.378176, 2.872800
1000, 1000, 1000, 1000, 1200, 1200, 1200, 1200, 0.465778, 0.158760, 0.360855, 2.865370
1500, 1500, 1500, 1500, 1200, 1200, 1200, 1200, 1.093227, 0.298872, 0.121600, 0.188100
1000, 1000, 1000, 1500, 2000, 2000, 2000, 2000, 0.307040, 0.150280, 0.085050, 0.011850
1500, 1500, 1500, 1500, 1700, 1700, 1700, 1700, 0.763283, 0.089380, 0.092340, 0.003160
1000, 1000, 1000, 1000, 1200, 1200, 1200, 1200, 1.719975, 0.133824, 0.219600, 0.078800
1000, 1000, 1000, 1000, 1200, 1200, 1200, 1200, 0.284820, 0.159789, 0.214720, 0.282960
1000, 1000, 1000, 1000, 2000, 2000, 2000, 2000, 0.893475, 0.190880, 0.124032, 0.112970
1000, 1000, 1000, 1000, 2000, 2000, 2000, 2000, 2.477790, 0.091308, 0.146160, 0.014220
1000, 1000, 1000, 1000, 2000, 2000, 2000, 2000, 2.382890, 0.100004, 0.142272, 0.090850
1000, 1000, 1000, 1000, 1200, 1200, 1200, 1200, 2.174600, 0.316420, 0.218022, 0.761645
1000, 1000, 1000, 1000, 1200, 1200, 1200, 1200, 0.279770, 0.164137, 0.215232, 0.353363
1000, 1000, 1000, 1000, 1200, 1200, 1200, 1200, 0.312090, 0.160876, 0.129426, 0.198576
1000, 1000, 1000, 1000, 1200, 1200, 1200, 1200, 0.270680, 0.139008, 0.136752, 0.157400
1000, 1000, 1000, 1000, 1200, 1200, 1200, 1200, 0.673344, 0.123200, 0.447125, 2.103129
1500, 1500, 1500, 1500, 1600, 1600, 1600, 1600, 1.091970, 0.109787, 0.514113, 2.820930
1000, 1000, 1000, 1000, 1600, 1600, 1600, 1600, 1.011357, 0.119460, 0.573476, 2.703192
1000, 1000, 1000, 1000, 1600, 1600, 1600, 1600, 1.108515, 0.120546, 0.596808, 3.155495
1000, 1000, 1000, 1000, 1600, 1600, 1600, 1600, 1.115133, 0.130320, 0.524728, 2.947065
1100, 1100, 1100, 1100, 1600, 1600, 1600, 1600, 1.244230, 0.130440, 0.469175, 1.998200
1000, 1000, 1000, 1000, 1600, 1600, 1600, 1600, 1.085352, 0.134292, 0.536988, 2.982910
1000, 1000, 1000, 1000, 1600, 1600, 1600, 1600, 1.123957, 0.136836, 0.561196, 2.348843
1000, 1000, 1000, 1000, 1200, 1200, 1200, 1200, 0.285830, 0.152615, 0.091125, 0.007536
1000, 1000, 1000, 1000, 1200, 1200, 1200, 1200, 0.287850, 0.159054, 0.147257, 0.314028
1000, 1000, 1000, 1000, 1200, 1200, 1200, 1200, 2.152097, 0.294000, 0.156993, 0.468587
1000, 1000, 1000, 1000, 1200, 1200, 1200, 1200, 2.250664, 0.150954, 0.155904, 0.142628
1000, 1000, 1000, 1000, 1200, 1200, 1200, 1200, 0.276740, 0.172833, 0.172161, 0.363268
1500, 1500, 1500, 1500, 2000, 2000, 2000, 2000, 0.830367, 0.186624, 0.194880, 0.139040
1000, 1000, 1000, 1000, 2000, 2000, 2000, 2000, 2.358489, 0.102084, 0.129002, 0.064780
1000, 1000, 1000, 1000, 1400, 1400, 1400, 1400, 1.273197, 0.161586, 0.184220, 0.621730
1000, 1000, 1000, 1000, 1200, 1200, 1200, 1200, 0.381628, 0.115774, 0.179968, 0.222721
1000, 1000, 1000, 1000, 1200, 1200, 1200, 1200, 0.273981, 0.098371, 0.211584, 0.144808
1000, 1000, 1000, 1000, 1200, 1200, 1200, 1200, 0.280047, 0.162112, 0.140415, 0.115689
1000, 1000, 1000, 1000, 1800, 1800, 1800, 1800, 1.371097, 0.148371, 0.312320, 2.020860
1000, 1000, 1000, 1000, 2000, 2000, 2000, 2000, 1.089764, 0.145390, 0.320860, 2.077645
1000, 1000, 1000, 1000, 1600, 1600, 1600, 1600, 1.101897, 0.154869, 0.285012, 1.977129
1000, 1000, 1000, 1000, 1600, 1600, 1600, 1600, 1.096160, 0.148645, 0.320860, 1.955256
1000, 1000, 1000, 1000, 1200, 1200, 1200, 1200, 0.498465, 0.152703, 0.323988, 2.862340
1000, 1000, 1000, 1000, 1200, 1200, 1200, 1200, 0.282800, 0.153502, 0.243600, 2.872440
1000, 1000, 1000, 1000, 1200, 1200, 1200, 1200, 0.278760, 0.126945, 0.206890, 2.877490
1000, 1000, 1000, 1000, 1200, 1200, 1200, 1200, 0.277750, 0.112944, 0.170240, 2.768976
1000, 1000, 1000, 1000, 1200, 1200, 1200, 1200, 0.277750, 0.122718, 0.195937, 2.749824
1000, 1000, 1000, 1000, 1200, 1200, 1200, 1200, 0.277750, 0.128030, 0.172672, 2.814624
1500, 1500, 1500, 1500, 1200, 1200, 1200, 1200, 0.491040, 0.150398, 0.226920, 2.731290
1500, 1500, 1500, 1500, 1200, 1200, 1200, 1200, 0.404412, 0.151480, 0.233020, 2.993811
1500, 1500, 1500, 1500, 1200, 1200, 1200, 1200, 0.283810, 0.344164, 0.235074, 2.106130
1500, 1500, 1500, 1500, 1200, 1200, 1200, 1200, 0.282800, 0.380021, 0.325888, 2.103920
1000, 1000, 1000, 1000, 1200, 1200, 1200, 1200, 0.277014, 0.101370, 0.094770, 0.006335
1000, 1000, 1000, 1000, 1200, 1200, 1200, 1200, 0.282800, 0.284748, 0.225330, 0.550232
1000, 1000, 1000, 1000, 1200, 1200, 1200, 1200, 1.974423, 0.356454, 0.208620, 0.437751
1000, 1000, 1000, 1000, 2000, 2000, 2000, 2000, 1.585296, 0.341541, 0.147620, 0.244900
1000, 1000, 1000, 1000, 1200, 1200, 1200, 1200, 0.276003, 0.104954, 0.244617, 0.291606
1500, 1500, 1500, 1500, 1200, 1200, 1200, 1200, 0.270948, 0.100626, 0.250702, 0.194142
1000, 1000, 1000, 1000, 1200, 1200, 1200, 1200, 0.502768, 0.221560, 0.195776, 0.288042
1000, 1000, 1000, 1000, 1200, 1200, 1200, 1200, 0.272970, 0.156384, 0.207936, 0.262858
1000, 1000, 1000, 1000, 1200, 1200, 1200, 1200, 0.270948, 0.164137, 0.170800, 0.332590
1500, 1500, 1500, 1500, 1200, 1200, 1200, 1200, 0.268926, 0.143352, 0.136752, 0.204880
1500, 1500, 1500, 1500, 2000, 2000, 2000, 2000, 4.110842, 0.377718, 0.115615, 0.058460
1500, 1500, 1500, 1500, 1800, 1800, 1800, 1800, 3.159702, 0.462088, 0.122816, 0.100330
1500, 1500, 1500, 1500, 2000, 2000, 2000, 2000, 4.125044, 0.399784, 0.122816, 0.093220
1500, 1500, 1500, 1500, 1800, 1900, 1900, 1900, 3.553385, 0.464684, 0.126464, 0.167056
1500, 1500, 1500, 1500, 1800, 1800, 1800, 1800, 4.005936, 0.415360, 0.129002, 0.152470
1500, 1500, 1500, 1500, 1800, 1800, 1800, 1800, 4.329869, 0.379176, 0.126568, 0.170640
1500, 1500, 1500, 1500, 1900, 1900, 1900, 1900, 3.982176, 0.373674, 0.131328, 0.121352
1500, 1500, 1500, 1500, 1900, 1900, 1900, 1900, 3.669611, 0.445214, 0.126464, 0.132384
1500, 1500, 1500, 1500, 1900, 1900, 1900, 1900, 2.891218, 0.457748, 0.130112, 0.156024
1500, 1500, 1500, 1500, 1700, 1700, 1700, 1700, 3.750721, 0.387960, 0.133760, 0.175724
1500, 1500, 1500, 1500, 2000, 2000, 2000, 2000, 2.804082, 0.392583, 0.131436, 0.152470
1500, 1500, 1500, 1500, 1700, 1700, 1700, 1700, 3.664164, 0.457841, 0.135087, 0.157600
1500, 1500, 1500, 1500, 1900, 1900, 1900, 1900, 3.855920, 0.438724, 0.119266, 0.152084
1000, 1000, 1000, 1000, 1800, 1800, 1800, 1800, 3.145635, 0.385050, 0.124134, 0.162740
1000, 1000, 1000, 1000, 1200, 1200, 1200, 1200, 0.284091, 0.090470, 0.091125, 0.003950
1000, 1000, 1000, 1000, 1200, 1200, 1200, 1200, 0.277014, 0.175160, 0.110656, 0.100330
1000, 1000, 1000, 1000, 1200, 1200, 1200, 1200, 0.961308, 0.085952, 0.088695, 0.003160
1000, 1000, 1000, 1000, 1200, 1200, 1200, 1200, 0.270948, 0.080512, 0.083835, 0.002370
1000, 1000, 1000, 1000, 1200, 1200, 1200, 1200, 0.267915, 0.083776, 0.085050, 0.002373
1000, 1000, 1000, 1000, 1200, 1200, 1200, 1200, 0.266904, 0.090470, 0.085050, 0.002370
1000, 1000, 1000, 1000, 1200, 1200, 1200, 1200, 0.265893, 0.090470, 0.085050, 0.002370
1000, 1000, 1000, 1000, 1200, 1200, 1200, 1200, 0.265893, 0.076300, 0.064395, 0.002370
1000, 1000, 1000, 1000, 1200, 1200, 1200, 1200, 0.265893, 0.076300, 0.064289, 0.002370
1000, 1000, 1000, 1000, 1200, 1200, 1200, 1200, 0.263871, 0.078480, 0.064395, 0.002373
1000, 1000, 1000, 1000, 1200, 1200, 1200, 1200, 0.262860, 0.075210, 0.064395, 0.002370
1000, 1000, 1000, 1000, 1200, 1200, 1200, 1200, 0.263871, 0.074120, 0.065610, 0.002370
1000, 1000, 1000, 1000, 1200, 1200, 1200, 1200, 0.262860, 0.075210, 0.068040, 0.002370
1000, 1000, 1000, 1000, 1200, 1200, 1200, 1200, 0.261849, 0.075210, 0.066825, 0.002373
1000, 1000, 1000, 1000, 1200, 1200, 1200, 1200, 0.261849, 0.074120, 0.065502, 0.002370
1000, 1000, 1000, 1000, 1200, 1200, 1200, 1200, 0.261849, 0.073030, 0.064395, 0.002373
1000, 1000, 1000, 1000, 1200, 1200, 1200, 1200, 0.261849, 0.073030, 0.064289, 0.002373
1000, 1000, 1000, 1000, 1200, 1200, 1200, 1200, 0.261849, 0.073030, 0.064395, 0.002370
1000, 1000, 1000, 1000, 1200, 1200, 1200, 1200, 0.260580, 0.074120, 0.064395, 0.002373
1000, 1000, 1000, 1000, 1200, 1200, 1200, 1200, 0.260838, 0.073030, 0.065610, 0.002373
1000, 1000, 1000, 1000, 1200, 1200, 1200, 1200, 0.260838, 0.071940, 0.066715, 0.002370
1000, 1000, 1000, 1000, 1200, 1200, 1200, 1200, 0.260838, 0.074120, 0.068040, 0.002373
1000, 1000, 1000, 1000, 1200, 1200, 1200, 1200, 0.260580, 0.074120, 0.064395, 0.002373
1000, 1000, 1000, 1000, 1200, 1200, 1200, 1200, 0.263871, 0.071940, 0.064395, 0.002373
1000, 1000, 1000, 1000, 1200, 1200, 1200, 1200, 0.261849, 0.074120, 0.066715, 0.002370
1000, 1000, 1000, 1000, 1200, 1200, 1200, 1200, 0.262860, 0.074120, 0.067928, 0.002370
1000, 1000, 1000, 1000, 1200, 1200, 1200, 1200, 0.260838, 0.073030, 0.071685, 0.006320
1000, 1000, 1000, 1000, 1200, 1200, 1200, 1200, 0.262860, 0.071940, 0.066825, 0.002373
1000, 1000, 1000, 1000, 1200, 1200, 1200, 1200, 0.260838, 0.091560, 0.068040, 0.002373
1000, 1000, 1000, 1000, 1200, 1200, 1200, 1200, 0.261849, 0.119680, 0.085050, 0.017380
1000, 1000, 1000, 1000, 1200, 1200, 1200, 1200, 0.261849, 0.074120, 0.083835, 0.002373
1000, 1000, 1000, 1000, 1200, 1200, 1200, 1200, 0.262600, 0.088290, 0.095985, 0.014184
1000, 1000, 1000, 1000, 1200, 1200, 1200, 1200, 0.261849, 0.107712, 0.086265, 0.005537
1000, 1000, 1000, 1000, 1200, 1200, 1200, 1200, 0.261849, 0.092395, 0.097200, 0.015029
1000, 1000, 1000, 1000, 1200, 1200, 1200, 1200, 0.263871, 0.101708, 0.097280, 0.117859
1000, 1000, 1000, 1000, 1200, 1200, 1200, 1200, 0.260580, 0.074120, 0.086265, 0.002370
1000, 1000, 1000, 1000, 1200, 1200, 1200, 1200, 0.261590, 0.278880, 0.089910, 0.009480
1000, 1000, 1000, 1000, 1200, 1200, 1200, 1200, 0.263871, 0.082612, 0.089984, 0.071708
1000, 1000, 1000, 1000, 1200, 1200, 1200, 1200, 0.270680, 0.211528, 0.109440, 0.165900
1000, 1000, 1000, 1000, 1200, 1200, 1200, 1200, 0.262860, 0.092395, 0.089910, 0.088256
1000, 1000, 1000, 1000, 1200, 1200, 1200, 1200, 0.263871, 0.130320, 0.103360, 0.037824
1000, 1000, 1000, 1000, 1200, 1200, 1200, 1200, 0.266904, 0.174685, 0.134976, 0.074072
1000, 1000, 1000, 1000, 1200, 1200, 1200, 1200, 0.265893, 0.095656, 0.093555, 0.053720
1000, 1000, 1000, 1000, 1200, 1200, 1200, 1200, 0.262860, 0.082840, 0.087480, 0.075840
1000, 1000, 1000, 1000, 1200, 1200, 1200, 1200, 0.262860, 0.076300, 0.095985, 0.025280
1000, 1000, 1000, 1000, 1200, 1200, 1200, 1200, 0.262860, 0.074120, 0.086265, 0.002370
1000, 1000, 1000, 1000, 1200, 1200, 1200, 1200, 0.263871, 0.074120, 0.085050, 0.002370
1000, 1000, 1000, 1000, 1200, 1200, 1200, 1200, 0.262860, 0.074120, 0.083835, 0.002370
1000, 1000, 1000, 1000, 1200, 1200, 1200, 1200, 0.266904, 0.159642, 0.198534, 0.297894
1000, 1000, 1000, 1000, 1200, 1200, 1200, 1200, 0.263871, 0.076160, 0.143488, 0.194636
1000, 1000, 1000, 1000, 1200, 1200, 1200, 1200, 0.266904, 0.089052, 0.165512, 0.006320
1000, 1000, 1000, 1000, 1200, 1200, 1200, 1200, 0.264882, 0.084864, 0.093555, 0.007110
1000, 1000, 1000, 1000, 1200, 1200, 1200, 1200, 0.264882, 0.097920, 0.094770, 0.002370
1000, 1000, 1000, 1000, 1200, 1200, 1200, 1200, 0.262860, 0.088290, 0.088695, 0.002370
1000, 1000, 1000, 1000, 1200, 1200, 1200, 1200, 0.264882, 0.120546, 0.139955, 0.201728
1000, 1000, 1000, 1000, 1200, 1200, 1200, 1200, 0.264882, 0.079424, 0.087480, 0.002370
1000, 1000, 1000, 1000, 1200, 1200, 1200, 1200, 0.263871, 0.075210, 0.086265, 0.002370
1000, 1000, 1000, 1000, 1200, 1200, 1200, 1200, 0.265893, 0.075210, 0.086265, 0.002373
1000, 1000, 1000, 1000, 1200, 1200, 1200, 1200, 0.263871, 0.075210, 0.086265, 0.002370
1000, 1000, 1000, 1000, 1200, 1200, 1200, 1200, 0.263871, 0.075210, 0.085050, 0.002370
1000, 1000, 1000, 1000, 1200, 1200, 1200, 1200, 0.263871, 0.075210, 0.083835, 0.002370
1000, 1000, 1000, 1000, 1200, 1200, 1200, 1200, 0.262860, 0.075210, 0.085050, 0.002373
1000, 1000, 1000, 1000, 1200, 1200, 1200, 1200, 0.263871, 0.075210, 0.085050, 0.002373
1000, 1000, 1000, 1000, 1200, 1200, 1200, 1200, 0.263871, 0.075210, 0.083835, 0.002370
1000, 1000, 1000, 1000, 1200, 1200, 1200, 1200, 0.263871, 0.075210, 0.085050, 0.002370
1000, 1000, 1000, 1000, 1200, 1200, 1200, 1200, 0.262860, 0.080808, 0.087480, 0.002370
1000, 1000, 1000, 1000, 1200, 1200, 1200, 1200, 0.263871, 0.074120, 0.086265, 0.002370
1000, 1000, 1000, 1000, 1200, 1200, 1200, 1200, 0.263871, 0.074120, 0.085050, 0.002370
1000, 1000, 1000, 1000, 1200, 1200, 1200, 1200, 0.264882, 0.075210, 0.083835, 0.002373
1000, 1000, 1000, 1000, 1200, 1200, 1200, 1200, 0.263871, 0.076300, 0.065610, 0.003160
1000, 1000, 1000, 1000, 1200, 1200, 1200, 1200, 0.264882, 0.075210, 0.064395, 0.002373
1000, 1000, 1000, 1000, 1200, 1200, 1200, 1200, 0.263871, 0.074120, 0.064395, 0.002373
1000, 1000, 1000, 1000, 1200, 1200, 1200, 1200, 0.263871, 0.076300, 0.066825, 0.002373
1000, 1000, 1000, 1000, 1200, 1200, 1200, 1200, 0.264620, 0.076300, 0.067928, 0.002373
1000, 1000, 1000, 1000, 1200, 1200, 1200, 1200, 0.263871, 0.074120, 0.066715, 0.002373
1000, 1000, 1000, 1000, 1200, 1200, 1200, 1200, 0.263871, 0.074120, 0.066715, 0.002373
1000, 1000, 1000, 1000, 1200, 1200, 1200, 1200, 0.263871, 0.075210, 0.065610, 0.002370
1000, 1000, 1000, 1000, 1200, 1200, 1200, 1200, 0.263871, 0.075210, 0.064395, 0.002370
1000, 1000, 1000, 1000, 1200, 1200, 1200, 1200, 0.310070, 0.076300, 0.069255, 0.002373
1000, 1000, 1000, 1000, 1200, 1200, 1200, 1200, 0.263871, 0.075210, 0.066715, 0.002373
1000, 1000, 1000, 1000, 1200, 1200, 1200, 1200, 0.264882, 0.109787, 0.094848, 0.082950
1000, 1000, 1000, 1000, 1200, 1200, 1200, 1200, 0.263871, 0.079424, 0.088695, 0.005530
1000, 1000, 1000, 1000, 1200, 1200, 1200, 1200, 0.263871, 0.085873, 0.083835, 0.011850
1000, 1000, 1000, 1000, 1200, 1200, 1200, 1200, 0.264882, 0.076300, 0.083835, 0.002370
1000, 1000, 1000, 1000, 1200, 1200, 1200, 1200, 0.266640, 0.097470, 0.099630, 0.113760
1000, 1000, 1000, 1000, 1200, 1200, 1200, 1200, 0.265893, 0.095568, 0.085050, 0.075936
1000, 1000, 1000, 1000, 1200, 1200, 1200, 1200, 0.264882, 0.076300, 0.086265, 0.002370
1000, 1000, 1000, 1000, 1200, 1200, 1200, 1200, 0.266904, 0.137500, 0.088695, 0.040188
1000, 1000, 1000, 1000, 1200, 1200, 1200, 1200, 0.265893, 0.076300, 0.088695, 0.002370
1000, 1000, 1000, 1000, 1200, 1200, 1200, 1200, 0.265893, 0.101802, 0.088695, 0.037824
1000, 1000, 1000, 1000, 1200, 1200, 1200, 1200, 0.264882, 0.077390, 0.085050, 0.002370
1000, 1000, 1000, 1000, 1200, 1200, 1200, 1200, 0.265893, 0.076300, 0.088695, 0.003160
1000, 1000, 1000, 1000, 1200, 1200, 1200, 1200, 0.265893, 0.085794, 0.097200, 0.075050
1000, 1000, 1000, 1000, 1200, 1200, 1200, 1200, 0.266904, 0.083776, 0.094770, 0.022120
1000, 1000, 1000, 1000, 1200, 1200, 1200, 1200, 0.265893, 0.077390, 0.087480, 0.002370
1000, 1000, 1000, 1000, 1200, 1200, 1200, 1200, 0.265893, 0.148782, 0.122715, 0.106245
1000, 1000, 1000, 1000, 1200, 1200, 1200, 1200, 0.266904, 0.116309, 0.153720, 0.097712
1000, 1000, 1000, 1000, 1200, 1200, 1200, 1200, 0.267915, 0.132126, 0.124134, 0.102700
1000, 1000, 1000, 1000, 1200, 1200, 1200, 1200, 0.266904, 0.095568, 0.093555, 0.029944
1000, 1000, 1000, 1000, 1200, 1200, 1200, 1200, 0.266904, 0.085952, 0.087480, 0.023700
1000, 1000, 1000, 1000, 1200, 1200, 1200, 1200, 0.266904, 0.109383, 0.106920, 0.105860
1000, 1000, 1000, 1000, 1200, 1200, 1200, 1200, 0.265893, 0.084864, 0.092416, 0.111390
1000, 1000, 1000, 1000, 1200, 1200, 1200, 1200, 0.266904, 0.139264, 0.088695, 0.022852
1000, 1000, 1000, 1000, 1200, 1200, 1200, 1200, 0.265893, 0.077390, 0.083835, 0.002370
1000, 1000, 1000, 1000, 1200, 1200, 1200, 1200, 0.267915, 0.118265, 0.102060, 0.105070
1000, 1000, 1000, 1000, 1200, 1200, 1200, 1200, 0.266904, 0.093138, 0.099712, 0.054510
1000, 1000, 1000, 1000, 1200, 1200, 1200, 1200, 0.266640, 0.097380, 0.108135, 0.016548
1000, 1000, 1000, 1000, 1200, 1200, 1200, 1200, 0.267915, 0.080660, 0.103275, 0.006320
1000, 1000, 1000, 1000, 1200, 1200, 1200, 1200, 0.266904, 0.102460, 0.091125, 0.065404
1000, 1000, 1000, 1000, 1200, 1200, 1200, 1200, 0.267915, 0.154354, 0.089984, 0.025312
1000, 1000, 1000, 1000, 1200, 1200, 1200, 1200, 0.266640, 0.118592, 0.091200, 0.028368
1000, 1000, 1000, 1000, 1200, 1200, 1200, 1200, 0.266904, 0.165072, 0.103360, 0.020436
1000, 1000, 1000, 1000, 1200, 1200, 1200, 1200, 0.269937, 0.126711, 0.127575, 0.127980
1000, 1000, 1000, 1000, 1200, 1200, 1200, 1200, 0.267915, 0.095480, 0.171597, 0.301780
1000, 1000, 1000, 1000, 1200, 1200, 1200, 1200, 0.267915, 0.088047, 0.176320, 0.140264
1000, 1000, 1000, 1000, 1200, 1200, 1200, 1200, 0.276740, 0.116856, 0.164295, 0.183604
1000, 1000, 1000, 1000, 1200, 1200, 1200, 1200, 0.266904, 0.079570, 0.089910, 0.002370
1000, 1000, 1000, 1000, 1200, 1200, 1200, 1200, 0.287850, 0.238562, 0.207060, 0.304580
1000, 1000, 1000, 1000, 1200, 1200, 1200, 1200, 0.269670, 0.181195, 0.149691, 0.162740
1000, 1000, 1000, 1000, 1200, 1200, 1200, 1200, 0.275730, 0.113152, 0.152250, 0.077420
1000, 1000, 1000, 1000, 1200, 1200, 1200, 1200, 0.271690, 0.202521, 0.183767, 0.213792
1000, 1000, 1000, 1000, 1200, 1200, 1200, 1200, 0.270948, 0.103075, 0.156864, 0.224295
1000, 1000, 1000, 1000, 1200, 1200, 1200, 1200, 0.270680, 0.124200, 0.184984, 0.398728
1000, 1000, 1000, 1000, 2000, 2000, 2000, 2000, 0.431424, 0.184210, 0.143488, 0.500532
1000, 1000, 1000, 1000, 2000, 2000, 2000, 2000, 4.541598, 0.266680, 0.204624, 0.335688
1500, 1500, 1500, 1500, 2000, 2000, 2000, 2000, 1.714224, 0.329392, 0.201465, 0.199111
1500, 1500, 1500, 1500, 1200, 1200, 1200, 2000, 2.840480, 0.340156, 0.211932, 0.438588
1000, 1000, 1000, 1000, 2000, 2000, 2000, 1600, 2.785170, 0.566789, 0.223260, 0.213520
