CPU0_FREQ, CPU1_FREQ, CPU2_FREQ, CPU3_FREQ, CPU4_FREQ, CPU5_FREQ, CPU6_FREQ, CPU7_FREQ, A15_W, A7_W, MEM_W, GPU_W
1500, 1500, 1500, 1500, 0, 0, 0, 0, 0.048576, 0.440700, 0.109350, 0.017380
1500, 1500, 1500, 1500, 0, 0, 0, 0, 0.048528, 0.475800, 0.154686, 0.045704
1500, 1500, 1500, 1500, 0, 0, 0, 0, 0.049588, 0.488048, 0.136304, 0.069520
1500, 1500, 1500, 1500, 0, 0, 0, 0, 0.049588, 0.366600, 0.180116, 0.037036
1500, 1500, 1500, 1500, 0, 0, 0, 0, 0.049588, 0.567226, 0.165512, 0.022910
1500, 1500, 1500, 1500, 0, 0, 0, 0, 0.049588, 0.563332, 0.143606, 0.065570
1500, 1500, 1500, 1500, 0, 0, 0, 0, 0.050600, 0.580206, 0.201300, 0.398222
1500, 1500, 1500, 1500, 0, 0, 0, 0, 0.050600, 0.564630, 0.185136, 0.381695
1500, 1500, 1500, 1500, 0, 0, 0, 0, 0.050600, 0.460200, 0.166866, 0.204100
1500, 1500, 1500, 1500, 0, 0, 0, 0, 0.050600, 0.409500, 0.165512, 0.096014
1500, 1500, 1500, 1500, 0, 0, 0, 0, 0.050600, 0.572418, 0.120384, 0.003950
1500, 1500, 1500, 1500, 0, 0, 0, 0, 0.050600, 0.604402, 0.121600, 0.003164
1500, 1500, 1500, 1500, 0, 0, 0, 0, 0.050600, 0.421850, 0.207400, 0.134577
1500, 1500, 1500, 1500, 0, 0, 0, 0, 0.050600, 0.432900, 0.095985, 0.003160
1500, 1500, 1500, 1500, 0, 0, 0, 0, 0.050600, 0.667955, 0.215586, 0.161950
1500, 1500, 1500, 1500, 0, 0, 0, 0, 0.050600, 0.156528, 0.206349, 0.324244
1000, 1000, 1000, 1000, 0, 0, 0, 0, 0.050600, 0.122379, 0.213150, 0.189426
1500, 1500, 1500, 1500, 0, 0, 0, 0, 0.049588, 0.399100, 0.120384, 0.077420
1500, 1500, 1500, 1500, 0, 0, 0, 0, 0.049588, 0.410168, 0.141172, 0.009480
1500, 1500, 1500, 1500, 0, 0, 0, 0, 0.049588, 0.417300, 0.127680, 0.014220
1500, 1500, 1500, 1500, 0, 0, 0, 0, 0.049588, 0.465982, 0.114304, 0.045820
1500, 1500, 1500, 1500, 0, 0, 0, 0, 0.049588, 0.417300, 0.119266, 0.030810
1500, 1500, 1500, 1500, 0, 0, 0, 0, 0.049588, 0.437426, 0.166592, 0.034672
1500, 1500, 1500, 1500, 0, 0, 0, 0, 0.049588, 0.435500, 0.121600, 0.022120
1500, 1500, 1500, 1500, 0, 0, 0, 0, 0.049588, 0.413400, 0.181184, 0.088144
1500, 1500, 1500, 1500, 0, 0, 0, 0, 0.049588, 0.467280, 0.105705, 0.003160
1500, 1500, 1500, 1500, 0, 0, 0, 0, 0.049588, 0.422500, 0.114304, 0.037920
1500, 1500, 1500, 1500, 0, 0, 0, 0, 0.049588, 0.449108, 0.105792, 0.024490
1500, 1500, 1500, 1500, 0, 0, 0, 0, 0.049588, 0.419900, 0.149691, 0.164320
1500, 1500, 1500, 1500, 0, 0, 0, 0, 0.049588, 0.418600, 0.120384, 0.033180
1500, 1500, 1500, 1500, 0, 0, 0, 0, 0.050600, 0.450406, 0.256200, 0.477888
1500, 1500, 1500, 1500, 0, 0, 0, 0, 0.050600, 0.491942, 0.226920, 0.389360
1000, 1000, 1000, 1000, 0, 0, 0, 0, 0.052624, 0.327080, 0.280140, 1.098752
1000, 1000, 1000, 1000, 0, 0, 0, 0, 0.051612, 0.135625, 0.211758, 0.295125
1500, 1500, 1500, 1500, 0, 0, 0, 0, 0.051612, 0.478962, 0.264306, 0.974985
1500, 1500, 1500, 1500, 0, 0, 0, 0, 0.053636, 0.499730, 0.264957, 1.010874
1500, 1500, 1500, 1500, 0, 0, 0, 0, 0.053636, 0.455598, 0.242979, 0.868875
1500, 1500, 1500, 1500, 0, 0, 0, 0, 0.053583, 0.427042, 0.244000, 0.980096
1500, 1500, 1500, 1500, 0, 0, 0, 0, 0.053636, 0.428340, 0.242979, 0.447093
1500, 1500, 1500, 1500, 0, 0, 0, 0, 0.053636, 0.428340, 0.231800, 0.951294
1500, 1500, 1500, 1500, 0, 0, 0, 0, 0.053636, 0.459492, 0.247863, 1.003904
1500, 1500, 1500, 1500, 0, 0, 0, 0, 0.054594, 0.472472, 0.281820, 1.564136
1500, 1500, 1500, 1500, 0, 0, 0, 0, 0.055660, 0.464684, 0.322344, 1.516780
1500, 1500, 1500, 1500, 0, 0, 0, 0, 0.055660, 0.429638, 0.330078, 1.039520
1500, 1500, 1500, 1500, 0, 0, 0, 0, 0.055660, 0.424446, 0.322770, 1.227744
1500, 1500, 1500, 1500, 0, 0, 0, 0, 0.055660, 0.454300, 0.326960, 1.225098
1500, 1500, 1500, 1500, 0, 0, 0, 0, 0.055605, 0.440980, 0.300366, 1.148824
1500, 1500, 1500, 1500, 0, 0, 0, 0, 0.055605, 0.475068, 0.297680, 1.202565
1500, 1500, 1500, 1500, 0, 0, 0, 0, 0.055605, 0.486750, 0.326960, 1.398670
1500, 1500, 1500, 1500, 0, 0, 0, 0, 0.055605, 0.533067, 0.318681, 1.503648
1500, 1500, 1500, 1500, 0, 0, 0, 0, 0.056672, 0.487672, 0.307692, 1.580901
1500, 1500, 1500, 1500, 0, 0, 0, 0, 0.055605, 0.465623, 0.307440, 1.840086
1500, 1500, 1500, 1500, 0, 0, 0, 0, 0.056616, 0.447465, 0.317898, 1.783162
1500, 1500, 1500, 1500, 0, 0, 0, 0, 0.056616, 0.478593, 0.313797, 1.298341
1000, 1000, 1000, 1000, 0, 0, 0, 0, 0.056672, 0.441350, 0.351936, 1.644827
1500, 1500, 1500, 1500, 0, 0, 0, 0, 0.055605, 0.474165, 0.335500, 1.243056
1500, 1500, 1500, 1500, 0, 0, 0, 0, 0.055605, 0.474702, 0.323988, 1.539720
1500, 1500, 1500, 1500, 0, 0, 0, 0, 0.055660, 0.450059, 0.295240, 1.523040
1500, 1500, 1500, 1500, 0, 0, 0, 0, 0.056616, 0.402070, 0.303033, 1.971388
1500, 1500, 1500, 1500, 0, 0, 0, 0, 0.056616, 0.439683, 0.302560, 1.885500
1500, 1500, 1500, 1500, 0, 0, 0, 0, 0.056616, 0.458194, 0.347985, 1.570564
1500, 1500, 1500, 1500, 0, 0, 0, 0, 0.055605, 0.513612, 0.266178, 1.324800
1500, 1500, 1500, 1500, 0, 0, 0, 0, 0.055660, 0.495454, 0.312320, 1.481415
1500, 1500, 1500, 1500, 0, 0, 0, 0, 0.055660, 0.461732, 0.315018, 1.601720
1500, 1500, 1500, 1500, 0, 0, 0, 0, 0.055660, 0.482484, 0.303780, 1.608890
1500, 1500, 1500, 1500, 0, 0, 0, 0, 0.055660, 0.460435, 0.284493, 1.541920
1500, 1500, 1500, 1500, 0, 0, 0, 0, 0.055605, 0.439683, 0.279380, 1.274000
1500, 1500, 1500, 1500, 0, 0, 0, 0, 0.054648, 0.455598, 0.283040, 1.151712
1500, 1500, 1500, 1500, 0, 0, 0, 0, 0.054648, 0.451704, 0.291819, 1.044932
1500, 1500, 1500, 1500, 0, 0, 0, 0, 0.054648, 0.452653, 0.356532, 0.911340
1500, 1500, 1500, 1500, 0, 0, 0, 0, 0.054594, 0.464326, 0.311100, 1.420200
1500, 1500, 1500, 1500, 0, 0, 0, 0, 0.054594, 0.512710, 0.303780, 1.318969
1500, 1500, 1500, 1500, 0, 0, 0, 0, 0.054594, 0.456544, 0.305500, 1.381380
1500, 1500, 1500, 1500, 0, 0, 0, 0, 0.054594, 0.485078, 0.301340, 1.499172
1500, 1500, 1500, 1500, 0, 0, 0, 0, 0.054594, 0.511412, 0.319640, 1.191112
1500, 1500, 1500, 1500, 0, 0, 0, 0, 0.053583, 0.510114, 0.308660, 1.229876
1500, 1500, 1500, 1500, 0, 0, 0, 0, 0.053583, 0.472108, 0.341600, 1.097136
1500, 1500, 1500, 1500, 0, 0, 0, 0, 0.054594, 0.448762, 0.327642, 1.691555
1500, 1500, 1500, 1500, 0, 0, 0, 0, 0.054594, 0.446168, 0.332112, 0.894309
1500, 1500, 1500, 1500, 0, 0, 0, 0, 0.053583, 0.411412, 0.276486, 1.033704
1500, 1500, 1500, 1500, 0, 0, 0, 0, 0.053583, 0.494157, 0.302808, 0.893466
1500, 1500, 1500, 1500, 0, 0, 0, 0, 0.053583, 0.468578, 0.333333, 0.775278
1500, 1500, 1500, 1500, 0, 0, 0, 0, 0.053636, 0.489510, 0.248880, 0.931920
1500, 1500, 1500, 1500, 0, 0, 0, 0, 0.052572, 0.418931, 0.240734, 0.864032
1500, 1500, 1500, 1500, 0, 0, 0, 0, 0.052624, 0.430936, 0.290360, 0.799948
1500, 1500, 1500, 1500, 0, 0, 0, 0, 0.052572, 0.421830, 0.275720, 1.290264
1500, 1500, 1500, 1500, 0, 0, 0, 0, 0.052624, 0.476366, 0.276940, 1.204327
1500, 1500, 1500, 1500, 0, 0, 0, 0, 0.052624, 0.478593, 0.312320, 1.818717
1500, 1500, 1500, 1500, 0, 0, 0, 0, 0.053583, 0.465623, 0.331296, 2.330958
1500, 1500, 1500, 1500, 0, 0, 0, 0, 0.053583, 0.428010, 0.338326, 1.565565
1500, 1500, 1500, 1500, 0, 0, 0, 0, 0.054594, 0.442618, 0.352930, 1.505464
1500, 1500, 1500, 1500, 0, 0, 0, 0, 0.054594, 0.422822, 0.345628, 1.746576
1500, 1500, 1500, 1500, 0, 0, 0, 0, 0.053636, 0.435792, 0.277167, 1.294531
1500, 1500, 1500, 1500, 0, 0, 0, 0, 0.053636, 0.464684, 0.297924, 1.681680
1500, 1500, 1500, 1500, 0, 0, 0, 0, 0.053583, 0.488048, 0.276940, 1.543160
1500, 1500, 1500, 1500, 0, 0, 0, 0, 0.052572, 0.478962, 0.321123, 0.614057
1400, 1500, 1500, 1500, 0, 0, 0, 0, 0.052624, 0.419913, 0.275720, 1.313840
1500, 1500, 1500, 1500, 0, 0, 0, 0, 0.051561, 0.446512, 0.293040, 1.090152
1500, 1500, 1500, 1500, 0, 0, 0, 0, 0.051561, 0.428340, 0.293040, 1.313021
1500, 1500, 1500, 1500, 0, 0, 0, 0, 0.052572, 0.452653, 0.286700, 1.402029
1500, 1500, 1500, 1500, 0, 0, 0, 0, 0.052624, 0.475068, 0.303780, 1.025200
1500, 1500, 1500, 1500, 0, 0, 0, 0, 0.051612, 0.481558, 0.285714, 0.989120
1500, 1500, 1500, 1500, 0, 0, 0, 0, 0.051612, 0.482856, 0.326007, 1.301229
1300, 1300, 1300, 1300, 0, 0, 0, 0, 0.051612, 0.443916, 0.346480, 0.961380
1500, 1500, 1500, 1500, 0, 0, 0, 0, 0.051612, 0.417956, 0.264306, 1.241680
1500, 1500, 1500, 1500, 0, 0, 0, 0, 0.050550, 0.442618, 0.286935, 0.974386
1500, 1500, 1500, 1500, 0, 0, 0, 0, 0.050600, 0.449108, 0.313797, 1.095083
1500, 1500, 1500, 1500, 0, 0, 0, 0, 0.050600, 0.440022, 0.341600, 1.159587
1500, 1500, 1500, 1500, 0, 0, 0, 0, 0.050550, 0.482856, 0.302560, 1.092798
1500, 1500, 1500, 1500, 0, 0, 0, 0, 0.050600, 0.490644, 0.303780, 1.221947
1500, 1500, 1500, 1500, 0, 0, 0, 0, 0.050600, 0.462088, 0.303780, 1.063920
1500, 1500, 1500, 1500, 0, 0, 0, 0, 0.050600, 0.432234, 0.305718, 1.017600
1500, 1500, 1500, 1500, 0, 0, 0, 0, 0.050600, 0.453002, 0.300120, 1.383174
1500, 1500, 1500, 1500, 0, 0, 0, 0, 0.050600, 0.493240, 0.297680, 1.535170
1500, 1500, 1500, 1500, 0, 0, 0, 0, 0.050550, 0.491942, 0.302560, 1.490396
1500, 1500, 1500, 1500, 0, 0, 0, 0, 0.050600, 0.475068, 0.317460, 0.971880
1500, 1500, 1500, 1500, 0, 0, 0, 0, 0.051612, 0.491942, 0.341040, 1.531391
1100, 1100, 1100, 1100, 0, 0, 0, 0, 0.051612, 0.195661, 0.262730, 1.271844
1500, 1500, 1500, 1500, 0, 0, 0, 0, 0.050600, 0.171720, 0.251526, 1.225246
1300, 1300, 1300, 1300, 0, 0, 0, 0, 0.050600, 0.453002, 0.318681, 2.141391
1500, 1500, 1500, 1500, 0, 0, 0, 0, 0.052572, 0.446168, 0.284726, 2.187905
1500, 1500, 1500, 1500, 0, 0, 0, 0, 0.052572, 0.465623, 0.284493, 2.321298
1500, 1500, 1500, 1500, 0, 0, 0, 0, 0.053583, 0.491563, 0.291580, 2.781828
1500, 1500, 1500, 1500, 0, 0, 0, 0, 0.053583, 0.485078, 0.317898, 2.034150
1500, 1500, 1500, 1500, 0, 0, 0, 0, 0.053583, 0.416337, 0.274500, 2.489175
1500, 1500, 1500, 1500, 0, 0, 0, 0, 0.053583, 0.377190, 0.237900, 2.806536
1500, 1500, 1500, 1500, 0, 0, 0, 0, 0.053636, 0.443574, 0.272060, 0.967200
1500, 1500, 1500, 1500, 0, 0, 0, 0, 0.052572, 0.488048, 0.277167, 1.189440
1500, 1500, 1500, 1500, 0, 0, 0, 0, 0.051612, 0.488048, 0.277167, 1.011035
1500, 1500, 1500, 1500, 0, 0, 0, 0, 0.051612, 0.532180, 0.263736, 0.926528
1500, 1500, 1500, 1500, 0, 0, 0, 0, 0.051612, 0.480260, 0.286935, 1.109056
1500, 1500, 1500, 1500, 0, 0, 0, 0, 0.050600, 0.459492, 0.287920, 1.163280
1500, 1500, 1500, 1500, 0, 0, 0, 0, 0.051561, 0.468217, 0.299628, 2.071552
1500, 1500, 1500, 1500, 0, 0, 0, 0, 0.051612, 0.455247, 0.301340, 1.728867
1500, 1500, 1500, 1500, 0, 0, 0, 0, 0.052624, 0.472108, 0.297924, 1.450694
1500, 1500, 1500, 1500, 0, 0, 0, 0, 0.051612, 0.462088, 0.316239, 1.051033
1500, 1500, 1500, 1500, 0, 0, 0, 0, 0.051561, 0.465982, 0.306471, 1.175254
1500, 1500, 1500, 1500, 0, 0, 0, 0, 0.050550, 0.465982, 0.323565, 1.594320
1500, 1500, 1500, 1500, 0, 0, 0, 0, 0.051561, 0.464326, 0.349566, 2.164476
1500, 1500, 1500, 1500, 0, 0, 0, 0, 0.052572, 0.435792, 0.314054, 1.934944
1500, 1500, 1500, 1500, 0, 0, 0, 0, 0.053583, 0.499730, 0.327228, 2.111848
1500, 1500, 1500, 1500, 0, 0, 0, 0, 0.053583, 0.488048, 0.348270, 1.344636
1500, 1500, 1500, 1500, 0, 0, 0, 0, 0.052624, 0.489346, 0.351648, 1.350440
1500, 1500, 1500, 1500, 0, 0, 0, 0, 0.052572, 0.488048, 0.362637, 1.678857
1200, 1200, 1300, 1300, 0, 0, 0, 0, 0.052572, 0.464684, 0.272060, 0.854570
1500, 1500, 1500, 1500, 0, 0, 0, 0, 0.051561, 0.412160, 0.297924, 0.785852
1500, 1500, 1500, 1500, 0, 0, 0, 0, 0.050600, 0.417312, 0.275720, 0.805266
1500, 1500, 1500, 1500, 0, 0, 0, 0, 0.050600, 0.446512, 0.296703, 1.091916
1500, 1500, 1500, 1500, 0, 0, 0, 0, 0.051561, 0.458194, 0.322344, 1.998896
1500, 1500, 1500, 1500, 0, 0, 0, 0, 0.051561, 0.455598, 0.344604, 1.451904
1500, 1500, 1500, 1500, 0, 0, 0, 0, 0.051561, 0.444871, 0.377598, 1.195050
1500, 1500, 1500, 1500, 0, 0, 0, 0, 0.051561, 0.485452, 0.348348, 1.640950
1500, 1500, 1500, 1500, 0, 0, 0, 0, 0.052572, 0.440980, 0.339822, 1.632780
1500, 1500, 1500, 1500, 0, 0, 0, 0, 0.052572, 0.442277, 0.346845, 1.943032
1500, 1500, 1500, 1500, 0, 0, 0, 0, 0.052572, 0.468217, 0.371490, 2.222920
1500, 1500, 1500, 1500, 0, 0, 0, 0, 0.053583, 0.479890, 0.380016, 2.627856
1500, 1500, 1500, 1500, 0, 0, 0, 0, 0.054594, 0.482484, 0.378487, 2.641150
1500, 1500, 1500, 1500, 0, 0, 0, 0, 0.055605, 0.469514, 0.366930, 2.793393
1500, 1500, 1500, 1500, 0, 0, 0, 0, 0.055605, 0.460080, 0.113088, 0.027240
1500, 1500, 1500, 1500, 0, 0, 0, 0, 0.051561, 0.239316, 0.085050, 0.003950
1500, 1500, 1500, 1500, 0, 0, 0, 0, 0.049588, 0.437426, 0.093555, 0.003160
1500, 1500, 1500, 1500, 0, 0, 0, 0, 0.047564, 0.467280, 0.132980, 0.110180
1000, 1000, 1000, 1000, 0, 0, 0, 0, 0.046552, 0.338940, 0.137521, 0.228726
1000, 1000, 1000, 1000, 0, 0, 0, 0, 0.045540, 0.231066, 0.218022, 0.194142
1500, 1500, 1500, 1500, 0, 0, 0, 0, 0.044528, 0.399100, 0.160512, 0.150100
1500, 1500, 1500, 1500, 0, 0, 0, 0, 0.044528, 0.405600, 0.122816, 0.032390
1500, 1500, 1500, 1500, 0, 0, 0, 0, 0.044528, 0.403000, 0.124134, 0.010270
1500, 1500, 1500, 1500, 0, 0, 0, 0, 0.043516, 0.392600, 0.117952, 0.022120
1500, 1500, 1500, 1500, 0, 0, 0, 0, 0.043516, 0.406900, 0.141172, 0.146150
1500, 1500, 1500, 1500, 0, 0, 0, 0, 0.043516, 0.395200, 0.165512, 0.076436
1500, 1500, 1500, 1500, 0, 0, 0, 0, 0.043516, 0.369200, 0.253760, 0.369808
1000, 1000, 1000, 1000, 0, 0, 0, 0, 0.044528, 0.152180, 0.199588, 0.278598
1500, 1500, 1500, 1500, 0, 0, 0, 0, 0.043516, 0.115881, 0.195937, 0.343919
1500, 1500, 1500, 1500, 0, 0, 0, 0, 0.045540, 0.402380, 0.354380, 1.218101
1500, 1500, 1500, 1500, 0, 0, 0, 0, 0.047564, 0.401082, 0.362008, 1.349288
1500, 1500, 1500, 1500, 0, 0, 0, 0, 0.048576, 0.425744, 0.346109, 1.307894
1500, 1500, 1500, 1500, 0, 0, 0, 0, 0.048576, 0.451704, 0.373015, 1.372291
1500, 1500, 1500, 1500, 0, 0, 0, 0, 0.049588, 0.437426, 0.379130, 1.292992
1500, 1500, 1500, 1500, 0, 0, 0, 0, 0.049588, 0.445214, 0.375154, 1.106898
1500, 1500, 1500, 1500, 0, 0, 0, 0, 0.050600, 0.450406, 0.365677, 1.109248
1500, 1500, 1500, 1500, 0, 0, 0, 0, 0.050600, 0.416658, 0.409705, 1.467005
1500, 1500, 1500, 1500, 0, 0, 0, 0, 0.051612, 0.392991, 0.436456, 1.878675
1500, 1500, 1500, 1500, 0, 0, 0, 0, 0.051561, 0.408870, 0.397475, 1.348604
1500, 1500, 1500, 1500, 0, 0, 0, 0, 0.051561, 0.430936, 0.407259, 1.401582
1500, 1500, 1500, 1500, 0, 0, 0, 0, 0.052624, 0.441320, 0.407259, 1.452150
1500, 1500, 1500, 1500, 0, 0, 0, 0, 0.052572, 0.424119, 0.429975, 1.798341
1500, 1500, 1500, 1500, 0, 0, 0, 0, 0.052624, 0.497134, 0.386152, 1.518208
1500, 1500, 1500, 1500, 0, 0, 0, 0, 0.053583, 0.453950, 0.369346, 1.592010
1500, 1500, 1500, 1500, 0, 0, 0, 0, 0.053583, 0.413743, 0.406036, 2.110850
1500, 1500, 1500, 1500, 0, 0, 0, 0, 0.053583, 0.415040, 0.384022, 1.696410
1500, 1500, 1500, 1500, 0, 0, 0, 0, 0.053583, 0.450059, 0.399921, 1.823067
1500, 1500, 1500, 1500, 0, 0, 0, 0, 0.053636, 0.462088, 0.381264, 1.259340
1500, 1500, 1500, 1500, 0, 0, 0, 0, 0.053583, 0.473770, 0.433650, 2.064744
1500, 1500, 1500, 1500, 0, 0, 0, 0, 0.053583, 0.424446, 0.422625, 1.328666
1500, 1500, 1500, 1500, 0, 0, 0, 0, 0.053583, 0.406274, 0.395675, 1.507728
1500, 1500, 1500, 1500, 0, 0, 0, 0, 0.053583, 0.431901, 0.363231, 1.538818
1500, 1500, 1500, 1500, 0, 0, 0, 0, 0.053583, 0.419254, 0.399594, 1.544382
1500, 1500, 1500, 1500, 0, 0, 0, 0, 0.053583, 0.468578, 0.381576, 1.222680
1500, 1500, 1500, 1500, 0, 0, 0, 0, 0.053583, 0.489346, 0.475300, 2.152150
1500, 1500, 1500, 1500, 0, 0, 0, 0, 0.053583, 0.460435, 0.438698, 1.743990
1500, 1500, 1500, 1500, 0, 0, 0, 0, 0.053583, 0.391996, 0.356532, 1.136652
1000, 1000, 1000, 1000, 0, 0, 0, 0, 0.051612, 0.085020, 0.085050, 0.003950
1500, 1500, 1500, 1500, 0, 0, 0, 0, 0.049539, 0.426400, 0.091125, 0.003160
1500, 1500, 1500, 1500, 0, 0, 0, 0, 0.047564, 0.390000, 0.150908, 0.282104
1000, 1000, 1000, 1000, 0, 0, 0, 0, 0.046552, 0.189569, 0.238336, 0.280959
1000, 1000, 1000, 1000, 0, 0, 0, 0, 0.045540, 0.164137, 0.247051, 0.164483
1500, 1500, 1500, 1500, 0, 0, 0, 0, 0.044528, 0.409500, 0.138624, 0.049770
1500, 1500, 1500, 1500, 0, 0, 0, 0, 0.044528, 0.409500, 0.124032, 0.041870
1500, 1500, 1500, 1500, 0, 0, 0, 0, 0.044484, 0.410800, 0.125351, 0.063828
1500, 1500, 1500, 1500, 0, 0, 0, 0, 0.044528, 0.406900, 0.120384, 0.004740
1500, 1500, 1500, 1500, 0, 0, 0, 0, 0.044528, 0.395200, 0.154559, 0.255775
1000, 1000, 1000, 1000, 0, 0, 0, 0, 0.043516, 0.145524, 0.189696, 0.166057
1500, 1500, 1500, 1500, 0, 0, 0, 0, 0.043473, 0.294752, 0.276940, 0.832815
1500, 1500, 1500, 1500, 0, 0, 0, 0, 0.046552, 0.465982, 0.300612, 1.302730
1500, 1500, 1500, 1500, 0, 0, 0, 0, 0.047564, 0.450406, 0.290360, 1.218924
1500, 1500, 1500, 1500, 0, 0, 0, 0, 0.048528, 0.425744, 0.281820, 1.226862
1500, 1500, 1500, 1500, 0, 0, 0, 0, 0.049539, 0.430936, 0.289140, 0.980784
1500, 1500, 1500, 1500, 0, 0, 0, 0, 0.049588, 0.462088, 0.311100, 1.186707
1500, 1500, 1500, 1500, 0, 0, 0, 0, 0.049539, 0.484154, 0.309880, 1.235520
1500, 1500, 1500, 1500, 0, 0, 0, 0, 0.049539, 0.493240, 0.294261, 1.081332
1500, 1500, 1500, 1500, 0, 0, 0, 0, 0.049588, 0.476366, 0.272283, 1.028127
1500, 1500, 1500, 1500, 0, 0, 0, 0, 0.049539, 0.489346, 0.256620, 1.178320
1500, 1500, 1500, 1500, 0, 0, 0, 0, 0.049588, 0.471174, 0.258852, 1.061280
1500, 1500, 1500, 1500, 0, 0, 0, 0, 0.049539, 0.441320, 0.253968, 1.041920
1500, 1500, 1500, 1500, 0, 0, 0, 0, 0.049588, 0.425744, 0.267399, 0.908311
1500, 1500, 1500, 1500, 0, 0, 0, 0, 0.049588, 0.451704, 0.320860, 1.155440
1500, 1500, 1500, 1500, 0, 0, 0, 0, 0.049539, 0.471174, 0.294261, 0.907280
1500, 1500, 1500, 1500, 0, 0, 0, 0, 0.049588, 0.425666, 0.278160, 1.331520
1500, 1500, 1500, 1500, 0, 0, 0, 0, 0.050550, 0.217168, 0.289140, 2.033472
1000, 1000, 1000, 1000, 0, 0, 0, 0, 0.051561, 0.255300, 0.309372, 2.797700
1000, 1000, 1000, 1000, 0, 0, 0, 0, 0.052572, 0.169717, 0.267740, 2.802750
1000, 1000, 1000, 1000, 0, 0, 0, 0, 0.053583, 0.137414, 0.222711, 2.826990
1000, 1000, 1000, 1000, 0, 0, 0, 0, 0.053583, 0.139707, 0.209324, 2.708496
1300, 1300, 1300, 1300, 0, 0, 0, 0, 0.054594, 0.398314, 0.302064, 2.803248
1000, 1000, 1000, 1000, 0, 0, 0, 0, 0.055605, 0.396900, 0.278160, 2.497960
1500, 1500, 1500, 1500, 0, 0, 0, 0, 0.055605, 0.439040, 0.269620, 2.570877
1500, 1500, 1500, 1500, 0, 0, 0, 0, 0.055605, 0.244559, 0.253760, 2.588751
1000, 1000, 1000, 1000, 0, 0, 0, 0, 0.055605, 0.278952, 0.282576, 2.712176
1500, 1500, 1500, 1500, 0, 0, 0, 0, 0.055605, 0.355104, 0.335616, 2.444799
1500, 1500, 1500, 1500, 0, 0, 0, 0, 0.056616, 0.432485, 0.318330, 2.649024
1000, 1000, 1000, 1000, 0, 0, 0, 0, 0.055605, 0.501028, 0.197154, 0.272052
1500, 1500, 1500, 1500, 0, 0, 0, 0, 0.050600, 0.348064, 0.114304, 0.202788
1500, 1500, 1500, 1500, 0, 0, 0, 0, 0.049588, 0.434200, 0.095985, 0.003164
1500, 1500, 1500, 1500, 0, 0, 0, 0, 0.048576, 0.518800, 0.132762, 0.017336
1000, 1000, 1000, 1000, 0, 0, 0, 0, 0.046552, 0.122379, 0.234240, 0.269598
1000, 1000, 1000, 1000, 0, 0, 0, 0, 0.046552, 0.153267, 0.256787, 0.238944
1500, 1500, 1500, 1500, 0, 0, 0, 0, 0.045540, 0.422500, 0.167808, 0.185650
1000, 1000, 1000, 1000, 0, 0, 0, 0, 0.045540, 0.156528, 0.188790, 0.267580
1500, 1500, 1500, 1500, 0, 0, 0, 0, 0.044528, 0.160876, 0.179046, 0.141480
1500, 1500, 1500, 1500, 0, 0, 0, 0, 0.045495, 0.820368, 0.134976, 0.141840
1500, 1500, 1500, 1500, 0, 0, 0, 0, 0.045540, 0.841104, 0.138738, 0.190696
1500, 1500, 1500, 1500, 0, 0, 0, 0, 0.045540, 0.793152, 0.127785, 0.122928
1500, 1500, 1500, 1500, 0, 0, 0, 0, 0.045540, 0.800928, 0.156993, 0.204092
1500, 1500, 1500, 1500, 0, 0, 0, 0, 0.045540, 0.833980, 0.150908, 0.205407
1500, 1500, 1500, 1500, 0, 0, 0, 0, 0.045540, 0.824256, 0.146040, 0.217999
1500, 1500, 1500, 1500, 0, 0, 0, 0, 0.045540, 0.823620, 0.139955, 0.198576
1500, 1500, 1500, 1500, 0, 0, 0, 0, 0.046552, 0.835275, 0.141172, 0.125133
1500, 1500, 1500, 1500, 0, 0, 0, 0, 0.046506, 0.839808, 0.150908, 0.177300
1500, 1500, 1500, 1500, 0, 0, 0, 0, 0.046506, 0.841104, 0.148474, 0.184392
1500, 1500, 1500, 1500, 0, 0, 0, 0, 0.046552, 0.799632, 0.143488, 0.164692
1500, 1500, 1500, 1500, 0, 0, 0, 0, 0.046552, 0.833328, 0.158210, 0.146568
1500, 1500, 1500, 1500, 0, 0, 0, 0, 0.046506, 0.832032, 0.156993, 0.174936
1500, 1500, 1500, 1500, 0, 0, 0, 0, 0.046506, 0.808704, 0.143606, 0.183604
1500, 1500, 1500, 1500, 0, 0, 0, 0, 0.046552, 0.807408, 0.148474, 0.127494
1500, 1500, 1500, 1500, 0, 0, 0, 0, 0.046552, 0.846288, 0.149568, 0.154448
1500, 1500, 1500, 1500, 0, 0, 0, 0, 0.046506, 0.821664, 0.153342, 0.198576
1500, 1500, 1500, 1500, 0, 0, 0, 0, 0.046506, 0.800928, 0.147136, 0.156024
1500, 1500, 1500, 1500, 0, 0, 0, 0, 0.046552, 0.185760, 0.207060, 0.229804
1000, 1000, 1000, 1000, 0, 0, 0, 0, 0.044528, 0.382200, 0.110656, 0.002370
1000, 1000, 1000, 1000, 0, 0, 0, 0, 0.044528, 0.078480, 0.086265, 0.002370
1000, 1000, 1000, 1000, 0, 0, 0, 0, 0.043516, 0.076160, 0.085050, 0.002370
1000, 1000, 1000, 1000, 0, 0, 0, 0, 0.043516, 0.080660, 0.085050, 0.002373
1000, 1000, 1000, 1000, 0, 0, 0, 0, 0.042504, 0.083930, 0.083835, 0.002373
1000, 1000, 1000, 1000, 0, 0, 0, 0, 0.042504, 0.082612, 0.066715, 0.005530
1000, 1000, 1000, 1000, 0, 0, 0, 0, 0.042504, 0.075210, 0.067928, 0.002370
1000, 1000, 1000, 1000, 0, 0, 0, 0, 0.042504, 0.075210, 0.066825, 0.002373
1000, 1000, 1000, 1000, 0, 0, 0, 0, 0.042504, 0.115434, 0.068040, 0.002370
1000, 1000, 1000, 1000, 0, 0, 0, 0, 0.041492, 0.074120, 0.068040, 0.002370
1000, 1000, 1000, 1000, 0, 0, 0, 0, 0.042504, 0.074120, 0.066825, 0.002370
1000, 1000, 1000, 1000, 0, 0, 0, 0, 0.041492, 0.074120, 0.065610, 0.002370
1000, 1000, 1000, 1000, 0, 0, 0, 0, 0.041492, 0.075210, 0.065610, 0.002370
1000, 1000, 1000, 1000, 0, 0, 0, 0, 0.041492, 0.077390, 0.068040, 0.002370
1000, 1000, 1000, 1000, 0, 0, 0, 0, 0.041492, 0.075210, 0.066825, 0.002370
1000, 1000, 1000, 1000, 0, 0, 0, 0, 0.041492, 0.075210, 0.064395, 0.002373
1000, 1000, 1000, 1000, 0, 0, 0, 0, 0.041492, 0.074120, 0.066825, 0.002370
1000, 1000, 1000, 1000, 0, 0, 0, 0, 0.041492, 0.074120, 0.064395, 0.002373
1000, 1000, 1000, 1000, 0, 0, 0, 0, 0.042504, 0.074120, 0.064395, 0.002370
1000, 1000, 1000, 1000, 0, 0, 0, 0, 0.041492, 0.074120, 0.065610, 0.002370
1000, 1000, 1000, 1000, 0, 0, 0, 0, 0.041492, 0.075210, 0.068040, 0.002370
1000, 1000, 1000, 1000, 0, 0, 0, 0, 0.042504, 0.074120, 0.067928, 0.002370
1000, 1000, 1000, 1000, 0, 0, 0, 0, 0.041492, 0.074120, 0.066825, 0.002370
1000, 1000, 1000, 1000, 0, 0, 0, 0, 0.042504, 0.074120, 0.065610, 0.002370
1000, 1000, 1000, 1000, 0, 0, 0, 0, 0.042504, 0.075210, 0.064395, 0.002370
1000, 1000, 1000, 1000, 0, 0, 0, 0, 0.042504, 0.075210, 0.064395, 0.002370
1000, 1000, 1000, 1000, 0, 0, 0, 0, 0.042504, 0.074120, 0.065610, 0.002370
1000, 1000, 1000, 1000, 0, 0, 0, 0, 0.042504, 0.076300, 0.092340, 0.075840
1000, 1000, 1000, 1000, 0, 0, 0, 0, 0.042504, 0.075210, 0.086265, 0.002370
1000, 1000, 1000, 1000, 0, 0, 0, 0, 0.042504, 0.085952, 0.092340, 0.014184
1000, 1000, 1000, 1000, 0, 0, 0, 0, 0.042504, 0.075210, 0.086265, 0.002370
1000, 1000, 1000, 1000, 0, 0, 0, 0, 0.042504, 0.074120, 0.085050, 0.002373
1000, 1000, 1000, 1000, 0, 0, 0, 0, 0.042504, 0.074120, 0.083835, 0.002373
1000, 1000, 1000, 1000, 0, 0, 0, 0, 0.042504, 0.075210, 0.085050, 0.002370
1000, 1000, 1000, 1000, 0, 0, 0, 0, 0.042504, 0.075210, 0.083835, 0.002373
1000, 1000, 1000, 1000, 0, 0, 0, 0, 0.042504, 0.075210, 0.083835, 0.002370
1000, 1000, 1000, 1000, 0, 0, 0, 0, 0.042504, 0.074120, 0.086265, 0.002370
1000, 1000, 1000, 1000, 0, 0, 0, 0, 0.042504, 0.074120, 0.085050, 0.002370
1000, 1000, 1000, 1000, 0, 0, 0, 0, 0.042504, 0.075210, 0.083835, 0.002373
1000, 1000, 1000, 1000, 0, 0, 0, 0, 0.042504, 0.074120, 0.083835, 0.002370
1000, 1000, 1000, 1000, 0, 0, 0, 0, 0.042504, 0.075210, 0.085050, 0.002370
1000, 1000, 1000, 1000, 0, 0, 0, 0, 0.042504, 0.075210, 0.086265, 0.002373
1000, 1000, 1000, 1000, 0, 0, 0, 0, 0.042504, 0.075210, 0.086265, 0.002373
1000, 1000, 1000, 1000, 0, 0, 0, 0, 0.042504, 0.090221, 0.087480, 0.020540
