CPU0_FREQ, CPU1_FREQ, CPU2_FREQ, CPU3_FREQ, CPU4_FREQ, CPU5_FREQ, CPU6_FREQ, CPU7_FREQ, A15_W, A7_W, MEM_W, GPU_W
1000, 1000, 1000, 1000, 1200, 1200, 1200, 1200, 0.268926, 0.164304, 0.095985, 0.014220
1100, 1100, 1100, 1100, 1200, 1200, 1200, 1200, 0.267650, 0.092225, 0.137408, 0.122928
1000, 1000, 1000, 1000, 1200, 1200, 1200, 1200, 0.268660, 0.116964, 0.222894, 0.260040
1000, 1000, 1000, 1000, 1200, 1200, 1200, 1200, 0.271690, 0.180015, 0.165512, 0.325367
1000, 1000, 1000, 1000, 1200, 1200, 1200, 1200, 0.265893, 0.078480, 0.115520, 0.043340
1000, 1000, 1000, 1000, 1200, 1200, 1200, 1200, 0.265893, 0.083930, 0.110656, 0.014972
1500, 1500, 1500, 1500, 1200, 1200, 1200, 1200, 0.265893, 0.077390, 0.086265, 0.002370
1000, 1000, 1000, 1000, 2000, 2000, 2000, 2000, 2.260164, 0.148097, 0.167946, 0.389272
1000, 1000, 1000, 1000, 2000, 2000, 2000, 2000, 2.235255, 0.223820, 0.211932, 0.257349
1000, 1000, 1000, 1000, 1200, 1200, 1200, 1200, 2.588112, 0.362734, 0.175392, 0.076339
1000, 1000, 1000, 1000, 1200, 1200, 1200, 1200, 0.325542, 0.101708, 0.225145, 0.306930
1000, 1000, 1000, 1000, 2000, 2000, 2000, 2000, 0.273981, 0.119130, 0.187264, 0.077224
1000, 1000, 1000, 1000, 2000, 2000, 2000, 2000, 2.410108, 0.101184, 0.174174, 0.073470
1000, 1000, 1000, 1000, 2000, 2000, 2000, 2000, 2.195560, 0.144832, 0.131436, 0.037968
1000, 1000, 1000, 1000, 2000, 2000, 2000, 2000, 2.106676, 0.096654, 0.165512, 0.121660
1000, 1000, 1000, 1000, 2000, 2000, 2000, 2000, 2.224767, 0.096743, 0.167946, 0.073470
1000, 1000, 1000, 1000, 2000, 2000, 2000, 2000, 2.227750, 0.087200, 0.108135, 0.015820
1000, 1000, 1000, 1000, 2000, 2000, 2000, 2000, 1.677600, 0.115328, 0.161728, 0.189600
1500, 1500, 1500, 1500, 2000, 2000, 2000, 2000, 1.954520, 0.100096, 0.180560, 0.296699
1000, 1000, 1000, 1500, 1600, 1200, 1200, 1200, 1.614080, 0.221751, 0.337386, 1.691802
1000, 1000, 1000, 1000, 1200, 1200, 1200, 1200, 0.283080, 0.173920, 0.222711, 0.187068
1000, 1000, 1000, 1000, 1500, 1500, 1500, 1500, 0.486864, 0.220985, 0.306936, 1.349950
1000, 1000, 1000, 1000, 1400, 1400, 1400, 1400, 0.890179, 0.242736, 0.305718, 1.198470
1000, 1000, 1000, 1000, 1500, 1500, 1500, 1500, 0.939756, 0.157680, 0.301340, 1.050383
1000, 1000, 1000, 1000, 1800, 1800, 1800, 1800, 1.267938, 0.179446, 0.305250, 1.316600
1000, 1000, 1000, 1000, 1700, 1700, 1700, 1700, 1.302139, 0.316336, 0.303056, 1.426964
1000, 1000, 1000, 1000, 1900, 1900, 1900, 1900, 1.146834, 0.207936, 0.295724, 1.049610
1000, 1000, 1000, 1000, 1800, 1800, 1800, 1800, 1.450748, 0.195661, 0.345543, 1.800480
1000, 1000, 1000, 1000, 1200, 1200, 1200, 1200, 1.083146, 0.203416, 0.352580, 1.671324
1000, 1000, 1000, 1000, 1200, 1200, 1200, 1200, 0.392340, 0.164920, 0.294514, 1.351224
1000, 1000, 1000, 1000, 1200, 1200, 1200, 1200, 0.460290, 0.139578, 0.303282, 1.470389
1000, 1000, 1000, 1000, 1200, 1200, 1200, 1200, 0.602186, 0.123234, 0.280140, 0.954085
1000, 1000, 1000, 1000, 1200, 1200, 1200, 1200, 0.630240, 0.139578, 0.303780, 1.164624
1000, 1000, 1000, 1000, 1300, 1400, 1400, 1400, 0.489402, 0.164920, 0.336996, 1.878138
1000, 1000, 1000, 1000, 1200, 1300, 1300, 1300, 0.561795, 0.186792, 0.319116, 1.096513
1000, 1000, 1000, 1000, 1200, 1200, 1200, 1200, 0.671328, 0.148371, 0.317898, 1.797275
1000, 1000, 1000, 1000, 1200, 1200, 1200, 1200, 0.650522, 0.158907, 0.323988, 2.139525
1000, 1000, 1000, 1000, 1200, 1200, 1200, 1200, 0.524160, 0.136080, 0.305500, 1.047888
1000, 1000, 1000, 1000, 1200, 1200, 1200, 1200, 0.403807, 0.145935, 0.312576, 1.534896
1000, 1000, 1000, 1000, 1200, 1200, 1200, 1200, 0.468796, 0.167865, 0.317200, 1.382290
1000, 1000, 1000, 1000, 1200, 1200, 1200, 1200, 0.601776, 0.184620, 0.326007, 1.901072
1000, 1000, 1000, 1000, 1200, 1200, 1200, 1200, 0.503990, 0.177612, 0.291102, 0.954998
1500, 1500, 1500, 1500, 1200, 1200, 1200, 1200, 0.366630, 0.161218, 0.327642, 1.618890
1000, 1000, 1000, 1000, 1200, 1200, 1200, 1200, 0.455265, 0.139320, 0.300846, 1.574112
1000, 1000, 1000, 1000, 1200, 1200, 1200, 1200, 0.561795, 0.155664, 0.298900, 1.896537
1000, 1000, 1000, 1000, 1200, 1200, 1200, 1200, 0.476311, 0.139578, 0.285480, 1.818664
1000, 1000, 1000, 1000, 1200, 1200, 1200, 1200, 0.635290, 0.121184, 0.322344, 0.887887
1500, 1500, 1500, 1500, 1200, 1200, 1200, 1200, 1.737639, 0.546550, 0.442225, 1.134329
1000, 1000, 1000, 1000, 1200, 1200, 1200, 1200, 0.478740, 0.183260, 0.285480, 1.307512
1000, 1000, 1000, 1000, 1400, 1400, 1400, 1400, 0.821590, 0.422910, 0.366300, 2.395910
1500, 1500, 1500, 1500, 1200, 1200, 1200, 1200, 0.696600, 0.177390, 0.378820, 2.861600
1000, 1000, 1000, 1000, 1400, 1400, 1400, 1400, 0.703086, 0.149730, 0.402827, 2.267673
1000, 1000, 1000, 1000, 1300, 1300, 1300, 1300, 0.747360, 0.248860, 0.314054, 3.108105
1000, 1000, 1000, 1000, 1300, 1300, 1300, 1300, 0.496485, 0.167710, 0.333879, 1.891260
1000, 1000, 1000, 1000, 1300, 1300, 1300, 1300, 0.575432, 0.206236, 0.316239, 1.163148
1000, 1000, 1000, 1000, 1300, 1300, 1300, 1300, 0.739227, 0.186620, 0.316420, 1.057200
1000, 1000, 1000, 1000, 1200, 1200, 1200, 1200, 0.483360, 0.159054, 0.311355, 1.405950
1000, 1000, 1000, 1000, 1200, 1200, 1200, 1200, 0.435302, 0.157680, 0.313540, 1.128468
1000, 1000, 1000, 1000, 1200, 1200, 1200, 1200, 0.508014, 0.164160, 0.344322, 1.904000
1000, 1000, 1000, 1000, 1200, 1200, 1200, 1200, 0.627984, 0.160136, 0.283504, 1.664322
1000, 1000, 1000, 1000, 1400, 1400, 1400, 1400, 0.587664, 0.180110, 0.305500, 1.477840
1000, 1000, 1000, 1000, 1300, 1300, 1300, 1300, 0.627099, 0.206662, 0.340659, 1.944466
1000, 1000, 1000, 1000, 1300, 1300, 1300, 1300, 0.531590, 0.189000, 0.342820, 2.118094
1000, 1000, 1000, 1000, 1200, 1200, 1200, 1200, 0.570402, 0.143773, 0.323830, 1.677076
1000, 1000, 1000, 1000, 1200, 1200, 1200, 1200, 0.621150, 0.133920, 0.315276, 1.186512
1000, 1000, 1000, 1000, 1200, 1200, 1200, 1200, 0.457178, 0.159054, 0.280600, 1.289470
1000, 1000, 1000, 1000, 1200, 1200, 1200, 1200, 0.375238, 0.182280, 0.278388, 1.285680
1000, 1000, 1000, 1000, 1200, 1200, 1200, 1200, 0.526661, 0.182280, 0.289884, 0.936684
1000, 1000, 1000, 1000, 1200, 1200, 1200, 1200, 0.433010, 0.167710, 0.316239, 1.285680
1000, 1000, 1000, 1000, 1200, 1200, 1200, 1200, 0.391723, 0.155664, 0.255189, 0.855451
1000, 1000, 1000, 1000, 1200, 1200, 1200, 1200, 0.340370, 0.153502, 0.199186, 0.925536
1000, 1000, 1000, 1000, 1200, 1200, 1200, 1200, 0.452700, 0.156890, 0.290360, 0.887936
1000, 1000, 1000, 1000, 1200, 1200, 1200, 1200, 0.577444, 0.173600, 0.303282, 0.863574
1000, 1000, 1000, 1000, 1300, 1300, 1300, 1300, 0.640080, 0.183534, 0.305467, 1.140426
1000, 1000, 1000, 1000, 1200, 1200, 1200, 1200, 0.557878, 0.176529, 0.315203, 2.174823
1000, 1000, 1000, 1000, 1200, 1200, 1200, 1200, 0.533180, 0.159988, 0.352002, 2.908647
1000, 1000, 1000, 1000, 1300, 1300, 1300, 1300, 0.797872, 0.134044, 0.366000, 2.775620
1000, 1000, 1000, 1000, 1600, 1600, 1600, 1600, 0.898414, 0.144854, 0.434112, 2.534000
1000, 1000, 1000, 1000, 1500, 1500, 1500, 1500, 0.961840, 0.149178, 0.473892, 2.793280
1000, 1000, 1000, 1000, 1200, 1200, 1200, 1200, 0.529830, 0.166320, 0.272283, 1.514170
1000, 1000, 1000, 1000, 1200, 1200, 1200, 1200, 0.383286, 0.180861, 0.301340, 1.330971
1000, 1000, 1000, 1000, 1200, 1200, 1200, 1200, 0.421095, 0.189875, 0.312320, 1.809465
1000, 1000, 1000, 1000, 1200, 1200, 1200, 1200, 0.580608, 0.174363, 0.282051, 0.841355
1000, 1000, 1000, 1000, 1200, 1200, 1200, 1200, 0.358136, 0.152421, 0.252954, 1.275120
1000, 1000, 1000, 1000, 1200, 1200, 1200, 1200, 0.433296, 0.161367, 0.300366, 1.443959
1000, 1000, 1000, 1000, 1200, 1200, 1200, 1200, 0.574860, 0.181195, 0.338217, 1.832740
1000, 1000, 1000, 1000, 1200, 1200, 1200, 1200, 0.708470, 0.184110, 0.369660, 2.215682
1000, 1000, 1000, 1000, 1200, 1200, 1200, 1200, 0.655912, 0.162450, 0.295240, 1.103221
1000, 1000, 1000, 1000, 1200, 1200, 1200, 1200, 0.719488, 0.184450, 0.274725, 0.951084
1000, 1000, 1000, 1000, 1200, 1200, 1200, 1200, 0.377250, 0.156745, 0.285948, 1.220185
1000, 1000, 1000, 1000, 1200, 1200, 1200, 1200, 0.450129, 0.136080, 0.275946, 0.985194
1000, 1000, 1000, 1000, 1200, 1200, 1200, 1200, 0.596910, 0.150259, 0.250908, 1.011388
1000, 1000, 1000, 1000, 1200, 1200, 1200, 1200, 0.608020, 0.164464, 0.245220, 1.243440
1000, 1000, 1000, 1000, 1200, 1200, 1200, 1200, 0.555408, 0.179025, 0.363858, 1.693369
1000, 1000, 1000, 1000, 1200, 1200, 1200, 1200, 0.471410, 0.183365, 0.356874, 1.531995
1000, 1000, 1000, 1000, 1400, 1400, 1400, 1400, 0.913556, 0.185932, 0.336168, 1.535506
1000, 1000, 1000, 1000, 1500, 1500, 1500, 1500, 0.649584, 0.167090, 0.355602, 2.188932
1000, 1000, 1000, 1000, 1400, 1400, 1400, 1400, 0.816900, 0.133920, 0.386152, 1.760487
1000, 1000, 1000, 1000, 1700, 1700, 1700, 1700, 1.031259, 0.152421, 0.384930, 1.433250
1000, 1000, 1000, 1000, 1500, 1600, 1600, 1600, 1.014942, 0.203416, 0.410928, 1.882715
1000, 1000, 1000, 1000, 1500, 1500, 1500, 1500, 0.665505, 0.172480, 0.334675, 2.636460
1000, 1000, 1000, 1000, 1200, 1200, 1200, 1200, 0.644112, 0.201960, 0.332241, 1.700724
1000, 1000, 1000, 1000, 1200, 1200, 1200, 1200, 0.416304, 0.155664, 0.282282, 1.486940
1000, 1000, 1000, 1000, 1200, 1200, 1200, 1200, 0.520128, 0.139449, 0.294502, 2.056444
1000, 1000, 1000, 1000, 1200, 1200, 1200, 1200, 0.294920, 0.145125, 0.246440, 1.725690
1000, 1100, 1100, 1100, 1200, 1200, 1200, 1200, 0.283810, 0.157242, 0.230580, 1.636992
1000, 1000, 1000, 1000, 1200, 1200, 1200, 1200, 0.597920, 0.152280, 0.307440, 1.334256
1000, 1000, 1000, 1000, 1200, 1200, 1200, 1200, 0.393737, 0.278837, 0.328590, 2.641912
1000, 1000, 1000, 1000, 1200, 1200, 1200, 1200, 0.436170, 0.192596, 0.293040, 2.909620
1000, 1000, 1000, 1000, 1200, 1200, 1200, 1200, 0.513570, 0.176366, 0.275720, 3.031989
1000, 1000, 1000, 1000, 1200, 1200, 1200, 1200, 0.596558, 0.175122, 0.283272, 2.484250
1000, 1000, 1000, 1000, 1200, 1200, 1200, 1200, 0.539280, 0.170956, 0.271062, 2.649816
1000, 1000, 1000, 1000, 1200, 1200, 1200, 1200, 0.582624, 0.194400, 0.237510, 3.059266
1000, 1000, 1000, 1000, 1200, 1200, 1200, 1200, 0.410256, 0.175284, 0.283040, 0.749694
1000, 1000, 1000, 1000, 1200, 1200, 1200, 1200, 0.520128, 0.185535, 0.284493, 1.059531
1000, 1000, 1000, 1000, 1300, 1300, 1300, 1400, 0.639445, 0.177940, 0.283272, 1.177897
1000, 1000, 1000, 1000, 1200, 1200, 1200, 1200, 0.586810, 0.149178, 0.224480, 1.154560
1000, 1000, 1000, 1000, 1200, 1200, 1200, 1200, 0.370670, 0.182520, 0.236680, 1.212224
1000, 1000, 1000, 1000, 1200, 1200, 1200, 1200, 0.482964, 0.185760, 0.252126, 1.686672
1000, 1000, 1000, 1000, 1200, 1200, 1200, 1200, 0.546336, 0.181440, 0.346480, 3.441293
1000, 1000, 1000, 1000, 1300, 1300, 1300, 1300, 0.574426, 0.163552, 0.355995, 2.505712
1000, 1000, 1000, 1000, 1300, 1300, 1300, 1300, 0.642242, 0.196196, 0.368448, 2.462796
1000, 1000, 1000, 1000, 1400, 1400, 1400, 1400, 0.795312, 0.168636, 0.325206, 1.352660
1000, 1000, 1000, 1000, 1300, 1300, 1300, 1300, 0.600501, 0.185193, 0.335775, 1.438704
1000, 1000, 1000, 1000, 1200, 1200, 1200, 1200, 0.756585, 0.159988, 0.382486, 1.785000
1000, 1000, 1000, 1000, 1200, 1200, 1200, 1200, 0.524126, 0.167400, 0.376362, 2.132515
1000, 1000, 1000, 1000, 1200, 1200, 1200, 1200, 0.405212, 0.178530, 0.335500, 2.618103
1000, 1000, 1000, 1000, 1200, 1200, 1200, 1200, 0.519585, 0.193857, 0.385789, 2.187114
1000, 1000, 1000, 1000, 1200, 1200, 1200, 1200, 0.628368, 0.168792, 0.340380, 1.407232
1000, 1000, 1000, 1000, 1200, 1200, 1200, 1200, 0.603600, 0.150120, 0.355602, 1.332664
1000, 1000, 1000, 1000, 1200, 1200, 1200, 1200, 0.640080, 0.144720, 0.363231, 1.861050
1000, 1000, 1000, 1000, 1200, 1200, 1200, 1200, 0.485374, 0.142560, 0.316498, 1.907258
1000, 1000, 1000, 1000, 1200, 1200, 1200, 1200, 0.401793, 0.153502, 0.303282, 0.842236
1000, 1000, 1000, 1000, 1200, 1200, 1200, 1200, 0.566610, 0.173280, 0.344040, 1.235520
1000, 1000, 1000, 1000, 1200, 1200, 1200, 1200, 0.583780, 0.188790, 0.329670, 1.227600
1000, 1000, 1000, 1000, 1200, 1200, 1200, 1200, 0.452592, 0.184450, 0.315534, 1.563320
1000, 1000, 1000, 1000, 1200, 1200, 1200, 1200, 0.354112, 0.157035, 0.309166, 1.185163
1000, 1000, 1000, 1000, 1200, 1200, 1200, 1200, 0.359142, 0.135125, 0.336996, 1.843820
1000, 1000, 1000, 1000, 1200, 1200, 1200, 1200, 0.613263, 0.180861, 0.345260, 2.204730
1000, 1000, 1000, 1000, 1200, 1200, 1200, 1200, 0.596736, 0.188790, 0.353856, 1.801130
1000, 1000, 1000, 1000, 1200, 1200, 1200, 1200, 0.476844, 0.172038, 0.347776, 2.069120
1000, 1000, 1000, 1000, 1200, 1200, 1200, 1200, 0.490928, 0.179612, 0.401610, 2.449260
1000, 1000, 1000, 1000, 1200, 1200, 1200, 1200, 0.493946, 0.163231, 0.387006, 2.698720
1000, 1000, 1000, 1000, 1200, 1200, 1200, 1200, 0.462760, 0.152421, 0.373312, 2.743160
1000, 1000, 1000, 1000, 1200, 1200, 1200, 1200, 0.505012, 0.156745, 0.363584, 2.801740
1000, 1000, 1000, 1000, 2000, 2000, 2000, 2000, 0.467620, 0.172800, 0.371185, 2.740130
1000, 1000, 1000, 1000, 1200, 1200, 1200, 1200, 0.297950, 0.305404, 0.156993, 0.213548
1000, 1000, 1000, 1000, 1500, 1500, 1500, 1500, 2.258790, 0.113832, 0.128896, 0.238080
1000, 1000, 1000, 1000, 1200, 1200, 1200, 1200, 1.981440, 0.134664, 0.155904, 0.117710
1000, 1000, 1000, 1000, 1200, 1200, 1200, 1200, 0.276740, 0.165224, 0.212454, 0.235313
1000, 1000, 1000, 1000, 2000, 2000, 2000, 2000, 0.522708, 0.207819, 0.132544, 0.079588
1000, 1000, 1000, 1000, 2000, 2000, 2000, 2000, 2.415392, 0.089216, 0.138852, 0.030849
1000, 1000, 1000, 1000, 1900, 1900, 1900, 1900, 2.286384, 0.095656, 0.148352, 0.109020
1000, 1000, 1000, 1000, 2000, 2000, 2000, 2000, 1.545772, 0.104352, 0.162944, 0.021276
1000, 1000, 1000, 1000, 1200, 1200, 1200, 1200, 0.591774, 0.160876, 0.210195, 0.201592
1500, 1500, 1500, 1500, 1200, 1200, 1200, 1200, 0.272970, 0.168485, 0.202022, 0.213006
1000, 1000, 1000, 1000, 1200, 1200, 1200, 1200, 0.659016, 0.166158, 0.436456, 1.908486
1500, 1500, 1500, 1500, 1200, 1200, 1300, 1300, 0.543240, 0.150815, 0.426478, 1.806860
1000, 1000, 1000, 1000, 1200, 1200, 1200, 1200, 0.672676, 0.128639, 0.428571, 1.535112
1000, 1000, 1000, 1000, 1200, 1200, 1200, 1200, 0.631008, 0.122040, 0.458150, 2.402539
1000, 1000, 1000, 1000, 1200, 1200, 1200, 1200, 0.461754, 0.132004, 0.426996, 1.577754
1000, 1000, 1000, 1000, 1200, 1200, 1200, 1200, 0.488430, 0.155298, 0.327764, 1.142050
1000, 1000, 1000, 1000, 1200, 1200, 1200, 1200, 0.627984, 0.170502, 0.318500, 1.065084
1000, 1000, 1000, 1000, 1200, 1200, 1200, 1200, 0.598158, 0.156384, 0.350427, 1.852524
1000, 1000, 1000, 1000, 1200, 1200, 1200, 1200, 0.615090, 0.134168, 0.376068, 1.594748
1000, 1000, 1000, 1000, 1200, 1200, 1200, 1200, 0.550368, 0.126360, 0.422466, 1.381885
1000, 1000, 1000, 1000, 1200, 1200, 1200, 1200, 0.426120, 0.129840, 0.469175, 1.607400
1000, 1000, 1000, 1000, 1200, 1200, 1200, 1200, 0.524755, 0.120960, 0.479366, 2.193774
1000, 1000, 1000, 1000, 1200, 1200, 1200, 1200, 0.645120, 0.130922, 0.468714, 2.258150
1000, 1000, 1000, 1000, 1200, 1200, 1200, 1200, 0.409035, 0.155155, 0.383708, 2.211748
1000, 1000, 1000, 1000, 1200, 1200, 1200, 1200, 0.530162, 0.142956, 0.358974, 2.243397
1000, 1000, 1000, 1000, 1200, 1200, 1200, 1200, 0.447670, 0.121072, 0.388914, 1.564255
1000, 1000, 1000, 1000, 1200, 1200, 1200, 1200, 0.623333, 0.123348, 0.422970, 1.358965
1000, 1000, 1000, 1000, 1200, 1200, 1200, 1200, 0.661248, 0.147152, 0.460125, 1.994300
1000, 1000, 1000, 1000, 1200, 1200, 1200, 1200, 0.521136, 0.162900, 0.400002, 1.958225
1000, 1000, 1000, 1000, 1200, 1200, 1200, 1200, 0.411045, 0.148371, 0.464275, 2.489448
1000, 1000, 1000, 1000, 1200, 1200, 1200, 1200, 0.556318, 0.165072, 0.361416, 1.440140
1000, 1000, 1000, 1000, 1200, 1200, 1200, 1200, 0.638320, 0.166311, 0.414597, 2.027718
1100, 1100, 1100, 1100, 1200, 1200, 1200, 1200, 0.478800, 0.146205, 0.403025, 1.799679
1000, 1000, 1000, 1000, 1200, 1200, 1200, 1200, 0.358848, 0.122153, 0.416500, 1.927002
1000, 1000, 1000, 1000, 1200, 1200, 1200, 1200, 0.368196, 0.124315, 0.392320, 1.128000
1000, 1000, 1000, 1000, 1200, 1200, 1200, 1200, 0.417490, 0.139707, 0.425769, 1.679600
1200, 1200, 1200, 1200, 1200, 1200, 1200, 1200, 0.510048, 0.165072, 0.408148, 1.605072
1500, 1500, 1500, 1500, 1200, 1200, 1200, 1200, 0.459446, 0.359502, 0.236292, 0.587202
1300, 1300, 1300, 1300, 1200, 1200, 1200, 1200, 0.273981, 0.124848, 0.082620, 0.003950
1000, 1000, 1000, 1000, 1300, 1300, 1300, 1400, 0.777325, 0.088290, 0.094770, 0.020540
1000, 1000, 1000, 1000, 1200, 1200, 1200, 1200, 0.883485, 0.115881, 0.209324, 0.330172
1000, 1000, 1000, 1000, 1200, 1200, 1200, 1200, 0.272970, 0.146610, 0.191697, 0.314013
1000, 1000, 1000, 1000, 2000, 2000, 2000, 2000, 1.284750, 0.103360, 0.133760, 0.060040
1000, 1000, 1000, 1000, 2000, 2000, 2000, 2000, 2.126985, 0.118483, 0.138738, 0.146940
1000, 1000, 1000, 1000, 1200, 1200, 1200, 1200, 0.397580, 0.279562, 0.172814, 1.074420
1000, 1000, 1000, 1000, 1200, 1200, 1200, 1200, 0.273981, 0.100626, 0.169163, 0.211703
1000, 1000, 1000, 1000, 1200, 1200, 1200, 1200, 0.362880, 0.152483, 0.312769, 1.451860
1000, 1000, 1000, 1000, 1200, 1200, 1200, 1200, 0.407025, 0.129600, 0.291102, 1.358880
1000, 1000, 1000, 1000, 1200, 1200, 1200, 1200, 0.472413, 0.135125, 0.300846, 1.099252
1000, 1000, 1000, 1000, 1200, 1200, 1200, 1200, 0.606618, 0.160284, 0.295482, 1.151293
1000, 1000, 1000, 1000, 1200, 1200, 1200, 1200, 0.556665, 0.180276, 0.318942, 1.301819
1000, 1000, 1000, 1000, 1200, 1200, 1200, 1200, 0.666634, 0.179190, 0.295482, 1.823977
1000, 1000, 1000, 1000, 1200, 1200, 1200, 1200, 0.611249, 0.153644, 0.301834, 1.260350
1000, 1000, 1000, 1000, 1200, 1200, 1200, 1200, 0.443205, 0.141611, 0.257842, 1.113330
1000, 1000, 1000, 1000, 1200, 1200, 1200, 1200, 0.465392, 0.132963, 0.293280, 1.212640
1000, 1000, 1000, 1000, 1200, 1200, 1200, 1200, 0.595137, 0.149454, 0.267618, 0.912716
1000, 1000, 1000, 1000, 1200, 1200, 1200, 1200, 0.479434, 0.176855, 0.266396, 0.925931
1000, 1000, 1000, 1000, 1200, 1200, 1200, 1200, 0.472413, 0.181362, 0.292058, 0.844879
1000, 1000, 1000, 1000, 1200, 1200, 1200, 1200, 0.590940, 0.168175, 0.321123, 1.356466
1000, 1000, 1000, 1000, 1200, 1200, 1200, 1200, 0.551650, 0.142824, 0.336325, 1.610832
1000, 1000, 1000, 1000, 1200, 1200, 1200, 1200, 0.661599, 0.127558, 0.329670, 0.851046
1000, 1000, 1000, 1000, 1200, 1200, 1200, 1200, 0.462672, 0.170166, 0.296460, 1.304761
1000, 1000, 1000, 1000, 1200, 1200, 1200, 1200, 0.280047, 0.232618, 0.361120, 2.176398
1000, 1000, 1000, 1000, 1200, 1200, 1200, 1200, 0.280780, 0.183600, 0.306936, 2.764944
1000, 1000, 1000, 1000, 1200, 1200, 1200, 1200, 0.278760, 0.181440, 0.264089, 2.790630
1000, 1000, 1000, 1000, 1200, 1200, 1200, 1200, 0.277750, 0.153720, 0.210714, 2.812320
1000, 1000, 1000, 1000, 1200, 1200, 1200, 1200, 0.277750, 0.136710, 0.218022, 2.721600
1100, 1100, 1100, 1100, 1200, 1200, 1200, 1200, 0.451584, 0.173760, 0.285480, 2.478892
1000, 1000, 1000, 1000, 1200, 1200, 1200, 1200, 0.354816, 0.311040, 0.267180, 2.371680
1000, 1000, 1000, 1000, 1200, 1200, 1200, 1200, 0.511560, 0.154154, 0.258852, 2.763936
1000, 1000, 1000, 1000, 1200, 1200, 1200, 1200, 0.346430, 0.246132, 0.242780, 2.430918
1000, 1100, 1100, 1100, 1200, 1200, 1200, 1200, 0.283810, 0.220864, 0.299628, 2.255040
1000, 1000, 1000, 1000, 1200, 1200, 1200, 1200, 0.285830, 0.210684, 0.346560, 2.559794
1500, 1500, 1500, 1500, 1200, 1200, 1200, 1200, 0.282800, 0.247032, 0.307395, 2.376696
1100, 1100, 1100, 1100, 1200, 1200, 1200, 1200, 0.288135, 0.248755, 0.196098, 0.232596
1500, 1500, 1500, 1500, 2000, 2000, 2000, 2000, 1.942344, 0.254016, 0.216117, 0.171348
1000, 1000, 1000, 1000, 2000, 2000, 2000, 2000, 3.138905, 0.212380, 0.123018, 0.238580
1000, 1000, 1000, 1000, 1200, 1200, 1200, 1200, 0.278025, 0.160876, 0.237900, 0.198858
1000, 1000, 1500, 1500, 1200, 1200, 1200, 1200, 0.274992, 0.165376, 0.215940, 0.238944
1000, 1000, 1000, 1000, 1200, 1200, 1200, 1200, 0.370638, 0.150954, 0.179046, 0.370677
1000, 1000, 1000, 1000, 1200, 1200, 1200, 1200, 0.271959, 0.113715, 0.197316, 0.278598
1500, 1500, 1500, 1500, 2000, 2000, 2000, 2000, 2.950311, 0.521394, 0.164160, 0.123716
1500, 1500, 1500, 1500, 1800, 1800, 1800, 1800, 3.337208, 0.495454, 0.164160, 0.143416
1500, 1500, 1500, 1500, 2000, 2000, 2000, 2000, 3.538366, 0.419254, 0.150908, 0.240340
1500, 1500, 1500, 1500, 2000, 2000, 2000, 2000, 3.444786, 0.527879, 0.149691, 0.329384
1500, 1500, 1500, 1500, 2000, 2000, 2000, 2000, 2.817472, 0.426976, 0.132653, 0.236400
1500, 1500, 1500, 1500, 1900, 1900, 1900, 1900, 3.300462, 0.561601, 0.141172, 0.204880
1500, 1500, 1500, 1500, 2000, 2000, 2000, 2000, 3.050378, 0.560304, 0.140070, 0.256888
1500, 1500, 1500, 1500, 2000, 2000, 2000, 2000, 3.649448, 0.460790, 0.154559, 0.320716
1500, 1500, 1500, 1500, 1800, 1800, 1800, 1800, 3.610850, 0.470844, 0.154559, 0.177862
1500, 1500, 1500, 1500, 2000, 2000, 2000, 2000, 4.138520, 0.521394, 0.141172, 0.225368
1500, 1500, 1500, 1500, 2000, 2000, 2000, 2000, 3.959637, 0.503236, 0.132762, 0.301804
1500, 1500, 1500, 1500, 1800, 1800, 1800, 1800, 3.701908, 0.566789, 0.156993, 0.252948
1100, 1100, 1100, 1100, 1900, 1900, 1900, 1900, 3.944943, 0.453747, 0.164295, 0.206194
1500, 1500, 1500, 1500, 2000, 2000, 2000, 2000, 3.288338, 0.397613, 0.160644, 0.226156
1500, 1500, 1500, 1500, 1900, 1900, 1900, 1900, 3.864315, 0.440220, 0.165512, 0.280528
1500, 1500, 1500, 1500, 2000, 2000, 2000, 2000, 2.975570, 0.472108, 0.161728, 0.229308
1500, 1500, 1500, 1500, 2000, 2000, 2000, 2000, 3.592580, 0.568086, 0.152125, 0.149720
1500, 1500, 1500, 1500, 2000, 2000, 2000, 2000, 2.845738, 0.433041, 0.147257, 0.188093
1000, 1000, 1000, 1000, 1200, 1200, 1200, 1200, 2.296800, 0.490266, 0.141288, 0.291510
1500, 1500, 1500, 1000, 1200, 1200, 1200, 1200, 0.286113, 0.094830, 0.085050, 0.003955
1000, 1000, 1000, 1000, 1200, 1200, 1200, 1200, 0.281058, 0.097010, 0.082620, 0.003160
1000, 1000, 1000, 1000, 1200, 1200, 1200, 1200, 0.272970, 0.084864, 0.083835, 0.003164
1000, 1000, 1000, 1000, 1200, 1200, 1200, 1200, 0.269937, 0.080512, 0.083904, 0.002373
1000, 1000, 1000, 1000, 1200, 1200, 1200, 1200, 0.268926, 0.091300, 0.085050, 0.002370
1000, 1000, 1000, 1000, 1200, 1200, 1200, 1200, 0.269937, 0.124200, 0.121600, 0.230591
1000, 1000, 1000, 1000, 1200, 1200, 1200, 1200, 0.266904, 0.077390, 0.064395, 0.002370
1000, 1000, 1000, 1000, 1200, 1200, 1200, 1200, 0.264882, 0.076300, 0.064395, 0.002370
1000, 1000, 1000, 1000, 1200, 1200, 1200, 1200, 0.263871, 0.076300, 0.066825, 0.002370
1000, 1000, 1000, 1000, 1200, 1200, 1200, 1200, 0.263871, 0.074120, 0.066825, 0.002370
1000, 1000, 1000, 1000, 1200, 1200, 1200, 1200, 0.263871, 0.074120, 0.066825, 0.002370
1000, 1000, 1000, 1000, 1200, 1200, 1200, 1200, 0.262860, 0.075210, 0.065610, 0.002370
1000, 1000, 1000, 1000, 1200, 1200, 1200, 1200, 0.262860, 0.075210, 0.068040, 0.002370
1000, 1000, 1000, 1000, 1200, 1200, 1200, 1200, 0.262860, 0.075210, 0.065610, 0.002370
1000, 1000, 1000, 1000, 1200, 1200, 1200, 1200, 0.262860, 0.078480, 0.064395, 0.002373
1000, 1000, 1000, 1000, 1200, 1200, 1200, 1200, 0.262860, 0.074120, 0.064395, 0.002373
1000, 1000, 1000, 1000, 1200, 1200, 1200, 1200, 0.262860, 0.074120, 0.065502, 0.002370
1000, 1000, 1000, 1000, 1200, 1200, 1200, 1200, 0.262860, 0.074120, 0.066825, 0.002373
1000, 1000, 1000, 1000, 1200, 1200, 1200, 1200, 0.262860, 0.073030, 0.066825, 0.002373
1000, 1000, 1000, 1000, 1200, 1200, 1200, 1200, 0.261849, 0.073030, 0.065610, 0.002373
1000, 1000, 1000, 1000, 1200, 1200, 1200, 1200, 0.262860, 0.097380, 0.097280, 0.137460
1000, 1000, 1000, 1000, 1200, 1200, 1200, 1200, 0.262860, 0.077390, 0.087552, 0.004746
1000, 1000, 1000, 1000, 1200, 1200, 1200, 1200, 0.261849, 0.074120, 0.082620, 0.002373
1000, 1000, 1000, 1000, 1200, 1200, 1200, 1200, 0.262860, 0.074120, 0.083835, 0.002373
1000, 1000, 1000, 1000, 1200, 1200, 1200, 1200, 0.262860, 0.074120, 0.083835, 0.002370
1000, 1000, 1000, 1000, 1200, 1200, 1200, 1200, 0.263871, 0.074120, 0.086336, 0.002370
1000, 1000, 1000, 1000, 1200, 1200, 1200, 1200, 0.262860, 0.075210, 0.086265, 0.002373
1000, 1000, 1000, 1000, 1200, 1200, 1200, 1200, 0.262860, 0.074120, 0.085050, 0.002370
1000, 1000, 1000, 1000, 1200, 1200, 1200, 1200, 0.263871, 0.073030, 0.085050, 0.002373
1000, 1000, 1000, 1000, 1200, 1200, 1200, 1200, 0.262860, 0.074120, 0.083835, 0.002373
1000, 1000, 1000, 1000, 1200, 1200, 1200, 1200, 0.262860, 0.075210, 0.083835, 0.002370
1000, 1000, 1000, 1000, 1200, 1200, 1200, 1200, 0.262860, 0.075210, 0.085050, 0.002370
1500, 1500, 1500, 1500, 1200, 1200, 1200, 1200, 0.262860, 0.081548, 0.086265, 0.002370
1000, 1000, 1000, 1000, 1200, 1200, 1200, 1200, 0.262600, 0.075210, 0.086265, 0.002370
1000, 1000, 1000, 1000, 1200, 1200, 1200, 1200, 0.262860, 0.077390, 0.085050, 0.002373
1000, 1000, 1000, 1000, 1200, 1200, 1200, 1200, 0.262860, 0.073030, 0.083835, 0.002370
1000, 1000, 1000, 1000, 1200, 1200, 1200, 1200, 0.262860, 0.077248, 0.064395, 0.003950
1000, 1000, 1000, 1000, 1200, 1200, 1200, 1200, 0.262860, 0.074120, 0.065610, 0.002370
1000, 1000, 1000, 1000, 1200, 1200, 1200, 1200, 0.262860, 0.074120, 0.064395, 0.002370
1000, 1000, 1000, 1000, 1200, 1200, 1200, 1200, 0.262600, 0.074120, 0.065502, 0.002370
